147

0 477 104 450 143 186 909 0 32 33 222 667 0 839 421 145 252 474 76 503 675 561 536 74 815 713 641 946 645 651 902 438 946 944 267 236 709 743 76 472 0 859 241 674 754 424 746 882 516 36 337 653 649 495 573 239 914 821 91 312 586 24 0 65 832 88 795 309 987 597 94 0 349 849 434 607 330 593 0 470 976 218 885 313 511 966 963 878 0 181 562 461 767 278 531 358 642 0 777 21 569 100 465 439 845 924 904 731 859 155 817 588 232 173 245 0 324 53 827 264 505 899 671 552 379 804 37 805 743 543 805 907 790 0 549 526 785 100 428 526 555 901 579 269 963 453 340 
477 0 536 991 813 68 2 0 469 488 620 219 506 891 655 444 998 851 0 519 814 643 463 472 813 879 769 452 892 509 57 609 597 733 450 633 522 0 848 127 402 862 787 953 412 728 0 572 106 985 488 978 775 603 898 0 368 0 0 710 526 681 733 256 610 380 889 205 575 819 407 561 19 643 0 600 989 594 0 834 704 520 649 503 703 870 0 515 222 522 768 67 0 417 0 565 617 314 421 939 698 17 783 545 718 737 0 754 278 312 755 174 650 646 24 134 0 694 90 550 255 948 0 561 0 708 767 736 980 777 238 452 557 363 0 0 597 590 452 894 709 738 650 288 926 813 996 
104 536 0 321 77 0 542 10 102 167 624 203 431 0 662 950 561 959 728 855 122 195 877 396 840 936 659 172 523 937 549 226 806 351 419 113 636 49 447 167 748 828 52 0 390 786 616 649 901 268 89 690 973 242 232 118 532 0 682 644 51 0 731 854 0 475 803 344 651 745 644 527 0 206 215 499 0 30 124 471 414 423 568 453 464 531 102 100 301 940 504 972 683 464 685 318 0 0 986 335 450 67 659 875 205 990 745 715 311 834 618 409 755 999 886 112 196 293 638 246 0 671 789 52 428 81 816 402 886 676 24 973 0 806 508 18 256 499 41 810 8 905 507 526 236 373 507 
450 991 321 0 326 0 0 450 513 722 930 44 569 321 29 948 688 599 458 498 860 638 297 167 0 399 0 614 385 471 754 70 0 941 724 509 959 89 616 134 194 214 54 300 696 681 146 620 919 264 794 30 900 315 411 52 95 773 472 0 539 835 10 115 843 396 104 513 869 383 184 957 330 583 548 98 772 754 454 718 726 0 739 0 199 689 0 596 895 105 639 931 840 609 137 139 846 8 103 596 743 598 0 655 611 614 100 584 644 428 0 636 422 487 471 108 935 504 169 408 712 762 600 244 418 103 926 318 586 0 96 334 0 245 733 876 59 937 230 324 392 0 711 661 342 567 261 
143 813 77 326 0 593 602 663 549 225 971 468 189 125 997 872 406 102 0 100 172 364 292 881 528 548 998 566 465 697 748 495 203 134 893 77 474 967 0 163 77 381 60 660 637 984 172 631 772 253 706 125 264 943 0 839 503 191 619 458 187 102 72 277 0 647 712 895 859 336 947 0 147 743 614 0 0 375 782 892 761 2 340 31 149 69 520 474 660 849 728 984 589 414 744 79 444 999 17 313 989 843 501 120 847 960 222 0 722 152 748 836 627 229 701 554 676 694 580 385 14 17 437 206 418 520 884 927 105 366 691 532 632 241 922 593 832 895 0 521 31 659 229 362 274 0 630 
186 68 0 0 593 0 211 810 901 744 528 238 67 953 170 284 557 453 292 165 688 398 620 567 970 402 450 621 0 623 127 562 498 415 807 527 543 236 807 719 385 484 726 146 409 0 911 0 123 827 269 23 0 541 974 80 116 547 520 415 212 659 734 925 675 245 772 42 709 0 678 493 0 866 876 185 209 329 832 873 606 299 198 885 149 99 0 521 964 0 45 0 564 125 0 7 264 198 280 90 396 143 56 306 983 859 137 0 0 682 0 683 974 925 309 711 873 0 258 0 632 0 346 15 94 941 70 354 51 586 0 942 165 926 621 0 242 438 453 69 52 185 0 934 0 41 284 
909 2 542 0 602 211 0 385 548 362 788 618 490 562 594 905 89 845 362 0 308 728 897 388 157 315 184 0 185 369 202 689 841 669 241 464 733 500 598 0 641 663 287 0 794 983 568 235 103 440 396 224 353 113 915 93 933 808 436 630 511 120 497 722 814 132 96 763 268 434 101 786 789 715 883 629 516 391 186 299 0 35 463 244 0 557 777 0 996 188 360 413 463 0 118 345 866 139 863 960 238 124 650 348 919 87 207 2 114 259 761 297 358 54 179 0 493 733 988 175 329 487 197 494 833 800 519 574 716 745 631 222 0 0 627 218 575 18 508 839 353 939 4 772 375 808 135 
0 0 10 450 663 810 385 0 267 0 307 103 0 401 608 727 950 639 367 857 38 265 0 855 72 211 282 0 351 940 334 621 305 642 71 764 460 119 70 253 0 911 349 14 366 255 487 925 268 919 644 353 324 472 947 159 263 167 0 10 72 175 145 0 324 298 530 397 274 945 0 640 0 654 458 903 274 896 0 0 981 663 974 947 137 979 623 460 921 97 710 943 232 150 364 643 746 849 0 711 662 781 823 392 46 132 28 0 229 68 6 855 119 230 940 0 204 561 92 526 677 827 777 517 0 512 688 17 705 272 934 803 0 0 19 324 459 977 386 0 870 516 782 948 172 732 413 
32 469 102 513 549 901 548 267 0 845 531 491 807 479 835 85 721 516 881 994 291 397 989 361 119 200 463 603 811 443 947 619 296 701 196 95 407 234 706 822 91 893 390 617 0 628 346 748 216 537 980 292 729 125 505 120 116 429 284 66 758 887 342 805 214 427 508 990 583 555 318 757 789 365 715 122 524 398 144 906 22 839 648 945 708 0 331 79 105 138 674 533 780 967 0 86 580 265 397 384 547 994 942 242 174 22 282 318 73 725 811 238 292 925 175 280 866 154 99 475 662 159 65 954 214 828 684 461 2 575 464 765 827 773 213 190 918 536 242 836 912 856 300 921 777 412 0 
33 488 167 722 225 744 362 0 845 0 849 192 303 843 393 0 390 679 925 431 480 86 33 652 0 839 439 698 232 377 698 914 19 255 0 0 572 757 56 40 266 368 611 2 944 321 801 558 360 690 486 0 560 367 296 116 672 942 930 531 570 959 571 0 0 941 435 763 201 122 846 93 340 470 0 778 0 160 973 857 777 0 304 0 875 889 469 695 298 82 245 322 463 166 266 0 877 0 754 149 730 448 746 645 509 15 330 504 841 462 663 958 137 270 916 355 0 258 399 931 323 778 170 199 454 956 911 590 0 724 618 0 181 925 2 503 726 989 120 20 403 773 630 149 0 486 464 
222 620 624 930 971 528 788 307 531 849 0 845 475 732 8 295 102 839 637 69 75 572 639 705 172 976 987 843 473 25 257 288 743 681 82 710 445 826 529 796 818 624 972 244 362 164 675 50 120 5 653 0 275 0 287 553 771 269 47 20 146 832 530 864 605 199 603 731 0 38 141 444 762 138 966 975 14 593 83 357 362 404 968 222 175 510 0 969 146 955 557 920 536 611 162 0 404 311 360 0 276 0 424 372 554 589 418 581 366 180 219 288 998 164 310 277 223 963 0 249 347 443 0 0 195 989 113 494 804 0 423 839 435 465 306 28 586 322 128 927 27 0 209 395 898 687 782 
667 219 203 44 468 238 618 103 491 192 845 0 597 264 106 0 614 814 971 214 269 915 655 780 0 538 959 247 860 947 706 581 639 333 606 479 172 76 21 546 332 980 113 795 572 987 0 834 881 130 407 960 629 892 930 0 8 765 274 833 0 0 93 833 497 2 649 867 316 520 809 362 891 523 494 235 931 979 791 534 313 447 9 845 349 947 263 267 202 474 682 278 803 347 0 357 30 663 450 0 292 353 959 880 503 0 114 421 635 376 800 0 389 774 761 461 718 870 678 501 752 135 449 382 0 7 256 480 0 886 913 0 605 623 751 254 935 750 947 371 0 211 0 460 445 0 239 
0 506 431 569 189 67 490 0 807 303 475 597 0 784 254 438 618 169 897 737 139 115 139 935 428 71 627 0 718 128 888 523 711 907 0 724 93 960 354 253 946 0 505 342 680 0 912 23 268 962 930 474 205 0 0 435 979 353 132 489 450 0 939 493 982 553 0 0 366 340 76 0 266 948 920 142 0 478 0 664 24 285 502 376 412 0 870 40 748 374 672 0 147 124 157 806 150 202 21 831 716 70 309 166 52 0 322 0 419 0 629 0 389 467 950 706 345 652 851 237 423 190 745 682 139 652 0 857 8 309 847 44 967 743 261 752 0 643 816 803 93 0 0 389 364 532 682 
839 891 0 321 125 953 562 401 479 843 732 264 784 0 480 563 210 361 157 506 521 279 531 949 947 519 4 0 612 88 219 583 0 631 766 754 0 232 804 424 323 347 327 0 190 640 186 25 354 754 803 0 742 294 362 243 657 0 496 216 840 0 393 22 629 508 690 688 800 413 514 619 50 536 996 185 0 805 0 0 20 0 725 756 0 0 680 460 352 960 735 235 744 380 814 834 827 350 0 0 553 659 0 843 25 763 85 59 663 565 0 136 447 599 633 998 551 155 997 282 65 106 778 237 366 157 50 913 939 591 139 0 927 260 973 0 570 508 0 686 479 864 627 466 347 730 41 
421 655 662 29 997 170 594 608 835 393 8 106 254 480 0 643 597 335 883 276 20 568 73 372 117 308 831 906 126 8 977 984 161 865 157 656 329 759 195 454 460 0 375 538 512 636 316 220 848 188 896 431 286 301 660 592 767 127 426 182 884 328 967 602 141 964 488 837 14 492 118 0 868 881 36 0 174 999 990 46 757 0 561 952 910 0 975 582 357 342 114 607 185 623 317 581 116 283 648 937 737 688 674 449 990 913 238 484 954 755 537 2 822 1 320 822 661 973 259 461 645 288 454 638 252 0 396 841 734 693 548 642 668 316 511 981 539 733 717 649 0 885 612 63 0 617 186 
145 444 950 948 872 284 905 727 85 0 295 0 438 563 643 0 335 417 205 582 0 613 462 0 799 363 255 0 156 977 0 0 194 602 848 894 682 145 0 261 271 12 856 726 615 0 352 457 0 62 0 209 634 241 54 569 939 51 714 561 766 0 52 384 714 88 220 219 625 457 308 61 302 0 168 668 0 683 237 762 366 94 997 281 2 829 249 637 788 734 693 613 457 194 168 274 296 258 136 109 978 424 521 45 218 627 0 431 669 0 511 68 3 560 0 702 780 495 753 474 988 981 817 550 0 553 719 436 476 894 933 61 261 518 515 55 885 255 742 0 0 338 789 246 406 782 702 
252 998 561 688 406 557 89 950 721 390 102 614 618 210 597 335 0 879 503 55 232 38 266 682 24 50 128 720 882 772 46 0 144 261 930 729 789 826 109 891 783 0 329 338 423 427 0 908 261 858 966 568 14 74 429 543 311 0 557 884 0 0 676 357 61 282 119 169 775 106 16 353 468 695 105 129 0 0 0 0 148 793 0 511 203 806 657 894 170 0 712 150 215 94 84 852 877 612 866 296 472 675 997 938 21 920 967 999 0 222 276 595 62 125 20 526 472 0 231 681 200 245 193 127 997 500 677 974 490 258 523 701 353 0 708 742 249 831 986 923 329 868 34 50 196 0 156 
474 851 959 599 102 453 845 639 516 679 839 814 169 361 335 417 879 0 838 639 510 853 62 785 15 629 0 909 963 745 307 342 712 76 314 810 607 212 430 566 200 57 375 756 560 934 267 0 875 222 816 797 714 904 0 924 829 883 859 133 281 458 904 68 555 73 596 325 738 61 768 143 537 688 518 741 474 410 660 368 0 896 840 733 332 840 0 173 967 42 325 623 14 840 589 431 888 102 194 506 52 307 363 183 820 46 699 32 259 0 0 974 166 625 237 336 966 587 734 236 0 648 236 979 411 170 100 929 49 692 861 674 125 637 31 69 474 980 188 117 203 173 418 939 388 123 719 
76 0 728 458 0 292 362 367 881 925 637 971 897 157 883 205 503 838 0 101 636 184 659 0 720 753 205 920 331 346 0 1 66 0 44 340 967 0 852 731 739 0 227 930 643 665 157 0 382 947 755 190 19 404 781 0 221 250 344 0 880 6 590 42 699 156 730 781 741 864 610 0 426 192 830 421 749 686 293 0 853 181 884 774 178 440 113 406 438 160 505 463 279 189 135 0 0 0 0 902 389 0 4 757 166 845 758 185 856 357 0 471 769 292 972 95 538 319 303 0 421 0 761 926 869 373 196 55 619 123 921 854 69 0 95 363 30 728 886 588 883 982 0 157 154 594 658 
503 519 855 498 100 165 0 857 994 431 69 214 737 506 276 582 55 639 101 0 897 351 691 987 0 78 939 827 131 706 940 0 246 575 494 576 244 919 621 0 465 0 519 93 0 915 817 959 907 288 0 78 578 505 199 506 60 258 283 617 416 502 136 36 262 133 472 136 135 494 749 242 776 910 52 938 47 175 549 201 931 490 848 194 783 588 274 516 0 668 837 253 530 658 603 280 278 73 860 216 935 766 330 370 0 327 291 142 14 980 0 390 460 136 0 501 0 408 162 313 19 139 818 873 0 640 380 287 495 594 506 0 58 559 333 277 783 940 989 681 178 258 295 742 468 484 116 
675 814 122 860 172 688 308 38 291 480 75 269 139 521 20 0 232 510 636 897 0 415 950 390 934 904 370 922 237 674 911 673 595 714 591 687 33 0 834 458 802 825 703 650 154 903 311 537 0 542 142 149 77 767 515 194 981 501 341 739 907 0 0 720 118 23 377 55 352 0 0 677 883 184 0 842 708 320 56 746 897 610 612 465 933 769 44 564 256 728 712 60 537 67 841 196 30 459 467 871 232 168 372 788 682 0 580 732 607 0 892 632 409 845 497 0 878 246 425 466 0 929 850 566 234 612 655 316 260 197 140 672 618 110 262 872 414 107 958 334 461 209 981 594 541 311 862 
561 643 195 638 364 398 728 265 397 86 572 915 115 279 568 613 38 853 184 351 415 0 140 586 380 13 262 514 466 753 552 181 518 535 288 281 0 406 969 0 815 319 414 759 12 532 796 126 292 828 723 779 488 45 189 733 778 871 525 870 702 0 0 899 0 897 88 0 716 693 708 369 232 954 848 596 93 502 658 823 833 291 450 936 238 354 761 175 445 652 171 797 268 907 669 208 712 142 558 620 186 0 961 523 950 112 553 758 559 685 980 928 508 605 616 282 453 478 0 489 550 27 136 561 178 294 348 309 569 188 340 492 554 0 0 733 73 560 122 59 586 674 424 162 803 568 509 
536 463 877 297 292 620 897 0 989 33 639 655 139 531 73 462 266 62 659 691 950 140 0 0 169 419 0 682 71 218 584 6 0 471 0 690 512 581 0 0 392 527 547 689 137 3 665 54 749 0 428 164 0 34 247 823 745 0 30 0 793 889 87 110 702 660 211 417 878 374 579 618 647 0 181 129 940 208 0 657 111 0 391 728 541 477 98 939 0 659 28 43 557 348 690 140 315 993 94 314 0 491 553 773 997 519 551 52 297 273 856 258 999 594 963 0 0 404 482 36 92 650 523 446 76 291 138 800 758 765 866 829 984 292 563 84 337 50 762 775 81 837 590 833 0 934 0 
74 472 396 167 881 567 388 855 361 652 705 780 935 949 372 0 682 785 0 987 390 586 0 0 858 519 47 806 710 408 850 747 148 491 660 374 79 77 0 941 11 53 752 682 704 14 127 0 503 699 649 905 235 314 731 125 193 697 2 701 608 227 430 899 873 987 674 0 407 535 529 678 967 15 689 34 0 723 691 674 741 71 913 715 815 554 718 252 2 258 329 149 840 0 202 961 712 331 379 35 365 0 0 148 182 623 391 418 784 0 855 586 45 819 444 975 552 0 978 496 558 186 421 670 542 395 511 739 889 522 617 60 794 406 359 870 78 823 336 564 813 0 628 823 607 0 668 
815 813 840 0 528 970 157 72 119 0 172 0 428 947 117 799 24 15 720 0 934 380 169 858 0 555 241 836 877 253 0 986 0 360 388 0 502 323 398 527 0 958 279 383 52 443 0 70 623 264 992 502 604 41 0 769 739 471 950 134 670 317 774 931 896 535 0 867 415 516 984 751 604 675 568 718 63 878 6 519 781 699 211 651 187 64 0 45 682 348 652 243 763 898 988 420 82 479 514 345 436 361 848 918 354 664 947 384 14 558 363 654 482 608 415 34 38 43 0 0 848 185 459 786 379 748 119 299 203 0 455 674 37 531 653 260 912 909 232 93 272 882 861 540 559 516 0 
713 879 936 399 548 402 315 211 200 839 976 538 71 519 308 363 50 629 753 78 904 13 419 519 555 0 410 395 904 843 610 69 859 116 553 336 508 26 290 388 439 398 929 373 137 14 45 159 842 0 631 619 708 912 560 968 569 188 477 98 839 512 510 686 0 657 666 427 561 512 973 0 0 821 858 535 446 247 880 142 254 441 64 678 282 38 189 960 23 422 234 679 298 285 0 354 554 331 716 0 570 766 876 555 404 73 139 655 46 840 712 702 680 329 659 742 756 620 583 234 308 43 0 955 343 355 613 119 532 600 783 0 381 460 0 638 821 185 997 646 945 649 300 88 0 677 966 
641 769 659 0 998 450 184 282 463 439 987 959 627 4 831 255 128 0 205 939 370 262 0 47 241 410 0 968 764 974 870 524 676 737 277 198 481 0 0 577 895 591 335 554 710 245 470 746 868 948 461 570 861 770 84 983 100 831 650 941 848 0 0 846 210 903 401 489 459 197 702 421 473 891 237 301 608 106 952 835 0 847 0 840 665 803 0 55 0 732 882 566 25 535 27 294 289 472 952 400 0 573 552 16 67 456 733 380 264 11 369 444 362 932 594 976 227 449 176 782 536 58 859 0 495 172 431 511 0 449 0 115 78 962 825 924 157 263 0 247 300 387 145 628 785 835 521 
946 452 172 614 566 621 0 0 603 698 843 247 0 0 906 0 720 909 920 827 922 514 682 806 836 395 968 0 32 486 817 0 24 484 16 0 0 97 0 0 25 900 457 641 1 722 0 236 760 0 307 982 922 141 36 639 468 51 0 497 928 448 601 366 559 578 105 45 0 695 235 389 49 703 335 0 0 878 348 40 353 183 0 205 669 826 276 869 0 326 0 793 776 63 650 534 723 841 0 0 204 506 129 0 12 307 107 682 473 887 0 0 983 738 0 175 328 51 358 577 187 771 37 989 721 747 870 286 0 385 478 905 684 442 872 190 308 152 861 127 186 982 868 511 784 143 746 
645 892 523 385 465 0 185 351 811 232 473 860 718 612 126 156 882 963 331 131 237 466 71 710 877 904 764 32 0 227 12 401 642 593 647 98 417 769 0 229 921 0 760 405 297 683 164 903 113 239 686 464 245 485 839 666 905 836 945 182 932 385 679 936 7 567 934 0 460 0 16 0 737 485 0 2 165 273 42 914 0 359 0 645 0 874 578 98 766 31 320 549 87 598 560 48 446 912 721 683 389 417 827 294 443 814 790 771 190 309 807 358 190 233 164 702 471 116 0 43 269 0 859 784 0 0 162 0 278 0 384 27 0 23 309 415 263 497 523 976 77 296 845 0 792 6 713 
651 509 937 471 697 623 369 940 443 377 25 947 128 88 8 977 772 745 346 706 674 753 218 408 253 843 974 486 227 0 0 855 923 0 567 295 893 864 969 913 703 309 368 497 176 932 715 279 736 843 213 873 17 99 328 986 841 465 715 806 101 960 340 579 31 288 446 865 0 905 108 562 559 504 219 0 0 0 419 800 804 426 910 27 759 310 367 573 261 263 172 323 612 138 188 618 956 198 577 131 553 61 350 623 935 817 0 771 0 24 754 357 202 120 362 0 0 267 389 125 610 83 152 8 79 774 426 982 235 0 478 325 207 707 575 193 953 969 267 0 831 665 312 887 754 948 0 
902 57 549 754 748 127 202 334 947 698 257 706 888 219 977 0 46 307 0 940 911 552 584 850 0 610 870 817 12 0 0 640 767 858 507 0 807 730 468 0 372 0 807 0 595 301 0 817 96 0 0 30 500 286 926 100 511 474 219 709 117 957 184 0 154 599 663 574 839 990 157 934 796 63 488 777 366 626 656 315 736 0 128 308 476 678 0 739 305 769 929 597 291 0 450 0 295 441 400 0 678 266 430 959 47 996 0 740 79 935 115 735 883 892 291 543 346 766 777 5 621 36 189 35 816 774 477 574 247 405 13 629 811 870 609 281 437 653 606 685 296 587 190 317 960 426 619 
438 609 226 70 495 562 689 621 619 914 288 581 523 583 984 0 0 342 1 0 673 181 6 747 986 69 524 0 401 855 640 0 909 216 819 0 162 535 668 509 0 258 773 563 0 628 321 42 458 651 692 695 335 503 996 915 876 249 648 360 283 21 228 0 0 56 162 413 812 105 89 923 522 235 377 121 890 313 853 91 399 505 263 497 998 417 0 114 62 572 396 673 736 293 49 730 895 322 945 542 0 803 858 650 507 216 349 476 56 421 900 182 98 977 547 184 943 658 559 0 574 146 481 526 399 781 482 90 501 560 912 971 783 547 936 91 0 416 514 596 56 0 752 706 188 788 494 
946 597 806 0 203 498 841 305 296 19 743 639 711 0 161 194 144 712 66 246 595 518 0 148 0 859 676 24 642 923 767 909 0 777 248 82 347 218 0 84 270 402 887 850 24 102 517 47 509 0 246 69 37 510 657 978 427 989 395 693 145 0 550 727 758 0 508 932 0 573 483 329 870 0 528 221 814 169 238 793 424 759 790 994 556 139 525 68 292 694 171 0 571 621 768 411 736 918 295 300 929 874 0 32 345 3 167 102 700 253 200 742 295 334 123 550 0 7 723 129 0 451 600 935 413 365 747 233 452 203 70 387 223 343 727 66 920 18 523 733 474 361 245 6 570 522 974 
944 733 351 941 134 415 669 642 701 255 681 333 907 631 865 602 261 76 0 575 714 535 471 491 360 116 737 484 593 0 858 216 777 0 0 14 566 10 665 881 307 573 559 220 482 704 391 864 13 92 186 613 752 0 0 207 0 71 766 938 899 0 854 854 38 600 904 347 585 901 976 941 284 806 421 88 654 359 343 0 753 682 761 235 119 760 408 214 662 716 170 387 495 0 95 161 827 966 586 297 172 261 496 247 897 887 831 790 866 931 665 223 559 832 206 115 317 889 157 891 33 946 419 406 402 128 345 419 187 316 865 194 398 896 73 15 0 928 815 775 580 242 643 800 905 630 160 
267 450 419 724 893 807 241 71 196 0 82 606 0 766 157 848 930 314 44 494 591 288 0 660 388 553 277 16 647 567 507 819 248 0 0 776 156 0 604 931 274 541 711 134 13 582 744 619 1 751 518 0 128 370 0 772 450 865 527 934 903 641 283 604 281 128 685 908 461 80 783 938 520 428 355 135 843 784 183 301 0 242 218 254 533 509 926 673 0 818 566 655 165 55 7 0 356 266 441 168 590 380 869 534 387 896 501 248 226 787 120 90 350 91 789 0 923 602 773 435 176 929 868 472 548 103 78 0 579 946 0 884 72 178 669 836 786 858 366 577 585 0 100 322 759 753 431 
236 633 113 509 77 527 464 764 95 0 710 479 724 754 656 894 729 810 340 576 687 281 690 374 0 336 198 0 98 295 0 0 82 14 776 0 699 431 431 846 503 496 564 112 642 227 901 798 215 325 358 285 876 105 496 0 194 712 0 251 499 839 564 843 538 116 925 199 214 233 279 74 615 7 426 854 39 908 987 945 114 437 492 323 366 115 951 798 906 146 124 924 762 301 581 716 241 642 184 29 38 772 557 833 455 731 0 915 0 0 911 696 413 961 85 145 875 575 668 14 0 88 869 868 486 347 860 809 705 853 550 146 785 416 464 843 16 781 446 582 470 721 897 0 856 907 463 
709 522 636 959 474 543 733 460 407 572 445 172 93 0 329 682 789 607 967 244 33 0 512 79 502 508 481 0 417 893 807 162 347 566 156 699 0 0 396 309 87 503 16 665 999 194 389 443 243 485 465 17 0 781 552 32 376 882 548 283 168 765 595 648 684 922 0 464 177 0 814 181 229 462 247 620 0 783 30 891 516 0 469 617 29 806 755 250 429 784 30 778 549 827 0 0 95 563 33 432 969 643 747 0 961 724 181 583 0 839 988 671 226 814 615 866 714 649 698 0 55 221 832 0 267 772 0 817 816 42 476 169 779 876 548 0 19 952 226 763 968 441 172 0 590 497 42 
743 0 49 89 967 236 500 119 234 757 826 76 960 232 759 145 826 212 0 919 0 406 581 77 323 26 0 97 769 864 730 535 218 10 0 431 0 0 983 309 120 157 179 199 832 55 416 797 93 330 443 706 796 224 184 497 635 745 408 713 691 417 0 881 358 0 0 0 162 449 143 965 35 336 555 164 996 976 470 439 647 626 218 177 759 361 846 374 0 345 304 996 31 450 787 443 658 708 986 13 0 44 602 247 0 285 955 669 81 696 607 905 253 301 0 0 795 151 783 699 323 59 0 939 461 424 0 0 675 976 116 203 506 0 496 120 0 717 906 811 143 430 443 803 936 802 295 
76 848 447 616 0 807 598 70 706 56 529 21 354 804 195 0 109 430 852 621 834 969 0 0 398 290 0 0 0 969 468 668 0 665 604 431 396 983 0 190 0 665 0 0 433 532 88 706 774 705 455 311 112 663 299 889 0 508 325 0 841 332 79 608 278 105 213 77 576 2 638 774 60 518 657 937 0 399 609 259 975 506 147 405 391 258 613 0 985 666 79 394 492 954 467 655 134 0 342 68 40 20 454 820 319 659 491 0 326 23 896 592 975 882 881 317 0 186 668 964 368 167 474 593 321 51 84 460 141 201 240 453 339 0 315 351 640 208 270 567 0 786 371 228 485 345 215 
472 127 167 134 163 719 0 253 822 40 796 546 253 424 454 261 891 566 731 0 458 0 0 941 527 388 577 0 229 913 0 509 84 881 931 846 309 309 190 0 472 668 670 548 831 464 6 301 487 917 914 0 974 506 339 163 0 781 642 326 724 931 379 753 459 579 597 509 169 959 920 549 473 514 629 924 342 0 433 370 828 439 177 295 978 250 0 0 554 39 171 827 910 355 82 597 525 461 402 0 644 696 244 594 701 879 168 0 115 0 52 244 499 825 0 222 588 77 211 854 407 664 328 697 383 782 833 573 449 871 692 19 989 509 160 781 947 716 463 296 0 200 695 731 164 666 100 
0 402 748 194 77 385 641 0 91 266 818 332 946 323 460 271 783 200 739 465 802 815 392 11 0 439 895 25 921 703 372 0 270 307 274 503 87 120 0 472 0 621 971 123 161 717 791 848 215 14 150 248 219 882 0 205 58 188 167 286 785 772 278 959 696 593 703 430 785 694 560 601 951 831 826 171 577 155 0 366 790 858 504 608 265 750 336 384 180 499 992 591 462 232 299 657 143 0 206 858 232 156 809 340 381 930 747 373 693 14 400 843 0 862 725 970 0 110 352 233 862 434 929 163 424 536 757 553 6 937 408 754 995 775 560 501 643 262 438 634 140 637 69 0 0 459 547 
859 862 828 214 381 484 663 911 893 368 624 980 0 347 0 12 0 57 0 0 825 319 527 53 958 398 591 900 0 309 0 258 402 573 541 496 503 157 665 668 621 0 744 451 274 24 521 429 62 204 644 450 418 479 490 616 39 813 963 862 797 864 632 61 968 449 31 0 62 85 559 845 734 881 479 914 234 286 675 0 422 278 71 691 702 932 585 671 475 286 898 875 999 862 533 138 883 0 318 340 103 406 572 0 810 945 0 318 766 228 0 0 741 203 74 810 413 889 0 840 0 356 955 151 140 532 208 328 110 468 687 695 932 167 0 199 62 556 561 0 628 850 136 909 587 252 943 
241 787 52 54 60 726 287 349 390 611 972 113 505 327 375 856 329 375 227 519 703 414 547 752 279 929 335 457 760 368 807 773 887 559 711 564 16 179 0 670 971 744 0 79 26 91 759 164 197 694 284 654 753 96 432 37 765 268 256 411 876 465 0 555 89 936 204 643 700 476 540 723 389 138 18 349 693 256 365 909 610 56 214 112 201 380 176 95 59 376 33 226 50 901 464 439 690 242 871 42 554 355 864 932 475 819 729 839 693 635 793 957 103 123 194 0 0 157 0 608 977 847 101 694 500 751 804 867 52 702 396 966 53 463 26 445 409 351 474 236 170 524 220 245 180 655 0 
674 953 0 300 660 146 0 14 617 2 244 795 342 0 538 726 338 756 930 93 650 759 689 682 383 373 554 641 405 497 0 563 850 220 134 112 665 199 0 548 123 451 79 0 332 515 531 0 144 0 794 75 437 669 617 999 851 629 397 356 0 0 521 705 425 100 245 231 318 694 491 402 97 689 484 513 455 141 807 777 478 82 18 821 573 690 943 345 838 345 152 178 0 408 994 663 788 486 581 915 918 645 513 0 950 706 674 0 370 924 0 0 951 668 817 147 821 187 726 618 950 767 0 123 902 358 293 349 515 656 218 898 294 841 354 301 0 580 679 35 0 569 813 0 220 607 438 
754 412 390 696 637 409 794 366 0 944 362 572 680 190 512 615 423 560 643 0 154 12 137 704 52 137 710 1 297 176 595 0 24 482 13 642 999 832 433 831 161 274 26 332 0 914 859 593 979 249 762 423 273 841 584 22 746 789 987 0 192 848 220 0 905 135 82 110 844 282 587 703 896 266 0 837 106 673 142 193 805 991 322 748 984 289 11 932 0 633 71 686 0 90 855 460 664 0 716 166 250 0 658 706 36 687 663 949 890 591 570 41 384 135 0 774 493 447 221 739 346 783 23 165 26 803 538 828 0 0 657 0 0 903 960 805 706 550 636 202 0 299 413 305 878 275 444 
424 728 786 681 984 0 983 255 628 321 164 987 0 640 636 0 427 934 665 915 903 532 3 14 443 14 245 722 683 932 301 628 102 704 582 227 194 55 532 464 717 24 91 515 914 0 493 446 753 590 417 332 0 763 531 707 656 376 732 305 137 238 929 0 518 968 646 137 172 498 691 892 293 973 609 259 155 656 45 0 339 48 483 185 0 865 172 210 764 115 177 931 104 669 165 695 812 645 54 370 423 541 803 833 649 510 407 397 612 81 0 656 0 792 353 262 820 793 692 309 448 99 904 765 700 447 120 208 548 0 177 499 711 402 19 0 262 590 72 479 602 0 467 908 106 247 154 
746 0 616 146 172 911 568 487 346 801 675 0 912 186 316 352 0 267 157 817 311 796 665 127 0 45 470 0 164 715 0 321 517 391 744 901 389 416 88 6 791 521 759 531 859 493 0 628 0 679 456 274 646 148 11 844 595 68 892 0 891 340 950 693 774 376 368 433 24 762 667 135 831 362 240 551 161 108 428 0 784 903 550 55 783 826 101 576 643 966 499 592 708 905 798 835 268 422 84 721 917 55 876 688 204 726 74 295 250 125 0 815 407 0 48 922 790 615 262 0 134 588 952 7 461 0 0 482 36 0 76 502 408 228 23 211 92 821 920 261 305 765 0 983 696 818 582 
882 572 649 620 631 0 235 925 748 558 50 834 23 25 220 457 908 0 0 959 537 126 54 0 70 159 746 236 903 279 817 42 47 864 619 798 443 797 706 301 848 429 164 0 593 446 628 0 0 743 333 826 678 317 380 112 688 914 188 554 92 892 189 129 415 414 806 182 0 506 785 0 18 271 442 113 403 629 623 54 0 51 0 680 70 823 585 932 988 734 291 65 748 647 814 830 747 20 0 0 932 320 848 447 1 218 557 534 968 663 246 540 48 851 957 971 153 793 706 321 838 382 930 100 254 929 0 956 334 13 366 348 600 821 987 680 503 0 648 448 271 905 10 267 569 238 337 
516 106 901 919 772 123 103 268 216 360 120 881 268 354 848 0 261 875 382 907 0 292 749 503 623 842 868 760 113 736 96 458 509 13 1 215 243 93 774 487 215 62 197 144 979 753 0 0 0 331 454 203 0 971 235 95 519 975 390 361 261 125 269 286 663 313 749 333 656 102 73 639 190 276 378 857 632 426 997 550 697 834 986 904 685 281 369 0 345 414 773 500 853 120 234 480 459 146 545 0 798 769 280 223 749 130 916 79 0 37 384 806 511 902 508 715 391 592 0 959 295 746 970 974 780 236 226 580 786 393 362 315 549 724 0 409 265 260 643 412 263 377 557 568 952 639 252 
36 985 268 264 253 827 440 919 537 690 5 130 962 754 188 62 858 222 947 288 542 828 0 699 264 0 948 0 239 843 0 651 0 92 751 325 485 330 705 917 14 204 694 0 249 590 679 743 331 0 156 832 0 893 801 0 431 713 958 0 526 418 456 674 626 885 126 356 605 823 921 741 439 378 970 783 652 152 0 669 129 523 310 300 119 0 103 596 534 406 550 804 522 217 38 88 993 645 551 798 138 643 0 76 983 440 0 259 516 505 785 966 173 976 853 844 627 0 279 489 184 0 523 304 0 516 757 924 299 190 460 586 470 546 104 952 715 486 988 864 507 262 101 0 621 581 0 
337 488 89 794 706 269 396 644 980 486 653 407 930 803 896 0 966 816 755 0 142 723 428 649 992 631 461 307 686 213 0 692 246 186 518 358 465 443 455 914 150 644 284 794 762 417 456 333 454 156 0 861 348 336 983 0 299 791 792 0 999 0 971 31 909 554 76 559 63 405 384 825 534 683 94 315 159 572 696 467 655 906 153 0 569 387 710 745 20 165 406 0 839 0 460 67 271 323 425 568 468 829 0 535 154 513 588 812 315 645 162 548 823 486 265 792 0 0 959 537 0 626 75 922 0 940 887 547 797 169 269 746 674 831 651 129 178 652 696 316 688 360 0 290 0 472 680 
653 978 690 30 125 23 224 353 292 0 0 960 474 0 431 209 568 797 190 78 149 779 164 905 502 619 570 982 464 873 30 695 69 613 0 285 17 706 311 0 248 450 654 75 423 332 274 826 203 832 861 0 615 0 331 528 317 391 615 841 471 808 986 239 988 457 877 438 111 864 916 235 21 890 660 142 162 225 452 0 375 638 668 605 790 432 248 675 692 619 222 673 254 776 691 0 940 307 897 892 273 80 692 844 0 100 272 549 0 762 116 963 159 587 737 719 786 628 0 985 587 403 647 583 401 546 43 252 724 978 672 674 414 801 18 999 66 860 198 0 760 420 355 512 607 445 425 
649 775 973 900 264 0 353 324 729 560 275 629 205 742 286 634 14 714 19 578 77 488 0 235 604 708 861 922 245 17 500 335 37 752 128 876 0 796 112 974 219 418 753 437 273 0 646 678 0 0 348 615 0 768 0 0 131 0 0 984 356 740 226 3 232 397 136 282 0 695 207 44 613 423 960 217 966 922 44 315 929 720 719 415 199 817 456 803 755 633 213 207 169 341 72 894 312 829 0 292 178 506 869 223 680 662 580 976 24 857 196 897 785 632 682 0 835 13 579 0 297 371 264 7 0 401 586 430 943 316 93 807 782 943 319 623 569 12 455 200 100 0 423 299 238 206 772 
495 603 242 315 943 541 113 472 125 367 0 892 0 294 301 241 74 904 404 505 767 45 34 314 41 912 770 141 485 99 286 503 510 0 370 105 781 224 663 506 882 479 96 669 841 763 148 317 971 893 336 0 768 0 248 586 729 363 954 260 515 772 72 0 458 974 577 176 687 951 0 0 0 593 0 925 31 750 684 405 382 20 831 964 89 498 345 60 531 905 407 373 320 403 685 581 456 759 11 529 321 0 898 322 0 599 247 632 449 56 486 258 770 338 344 179 852 852 766 86 649 312 107 74 335 368 981 206 826 474 91 646 229 476 464 212 610 656 222 992 188 0 940 847 172 58 16 
573 898 232 411 0 974 915 947 505 296 287 930 0 362 660 54 429 0 781 199 515 189 247 731 0 560 84 36 839 328 926 996 657 0 0 496 552 184 299 339 0 490 432 617 584 531 11 380 235 801 983 331 0 248 0 780 391 430 72 455 847 290 64 761 820 933 853 16 0 888 131 841 561 319 781 126 171 655 131 89 0 649 187 279 141 0 328 264 314 179 375 875 138 965 223 628 577 715 310 415 37 864 408 916 892 351 42 978 136 167 936 30 636 55 740 987 725 704 0 561 635 704 696 16 264 162 954 420 910 49 832 376 426 948 58 76 37 544 694 841 847 187 858 777 803 412 646 
239 0 118 52 839 80 93 159 120 116 553 0 435 243 592 569 543 924 0 506 194 733 823 125 769 968 983 639 666 986 100 915 978 207 772 0 32 497 889 163 205 616 37 999 22 707 844 112 95 0 0 528 0 586 780 0 375 660 113 157 970 456 972 908 638 362 745 434 0 16 587 0 965 0 649 902 837 416 123 0 12 751 235 567 664 0 165 994 0 320 0 177 504 539 960 903 253 120 132 0 638 0 86 852 120 821 764 251 874 0 23 462 69 161 32 747 52 33 580 472 76 899 800 534 829 409 636 224 951 470 371 233 557 753 913 321 629 215 508 888 0 548 43 657 567 883 753 
914 368 532 95 503 116 933 263 116 672 771 8 979 657 767 939 311 829 221 60 981 778 745 193 739 569 100 468 905 841 511 876 427 0 450 194 376 635 0 0 58 39 765 851 746 656 595 688 519 431 299 317 131 729 391 375 0 530 0 672 361 520 0 990 688 590 560 718 829 233 168 418 993 450 460 767 957 987 298 686 653 0 828 623 543 425 5 694 74 189 528 543 569 157 0 299 919 512 78 59 122 386 84 881 73 517 813 4 216 0 375 0 664 103 563 926 289 689 876 329 426 712 558 786 533 303 0 847 85 738 918 371 881 304 190 304 393 785 248 948 581 518 793 749 827 0 0 
821 0 0 773 191 547 808 167 429 942 269 765 353 0 127 51 0 883 250 258 501 871 0 697 471 188 831 51 836 465 474 249 989 71 865 712 882 745 508 781 188 813 268 629 789 376 68 914 975 713 791 391 0 363 430 660 530 0 194 306 930 956 131 845 323 690 907 0 0 767 278 289 665 150 664 686 0 586 400 204 537 851 0 634 0 0 0 408 704 33 991 818 677 637 790 701 465 673 713 599 404 517 628 738 0 267 0 425 776 607 105 369 351 928 932 337 735 77 155 83 124 880 541 408 508 574 790 831 206 116 24 853 0 139 0 126 0 884 860 858 452 404 648 32 635 665 235 
91 0 682 472 619 520 436 0 284 930 47 274 132 496 426 714 557 859 344 283 341 525 30 2 950 477 650 0 945 715 219 648 395 766 527 0 548 408 325 642 167 963 256 397 987 732 892 188 390 958 792 615 0 954 72 113 0 194 0 495 491 957 619 330 178 0 752 193 0 556 990 754 484 0 341 745 0 455 280 22 183 688 549 579 83 139 491 636 236 0 483 951 856 0 441 244 998 217 898 820 298 0 901 723 856 554 540 559 974 653 2 464 676 963 12 783 541 354 25 553 404 595 716 0 969 577 0 37 516 433 510 121 630 281 427 299 125 179 998 233 70 209 538 513 0 152 437 
312 710 644 0 458 415 630 10 66 531 20 833 489 216 182 561 884 133 0 617 739 870 0 701 134 98 941 497 182 806 709 360 693 938 934 251 283 713 0 326 286 862 411 356 0 305 0 554 361 0 0 841 984 260 455 157 672 306 495 0 995 162 2 169 122 328 626 857 978 981 0 594 914 977 0 222 786 105 451 617 819 319 7 927 849 34 572 657 892 220 951 848 2 479 316 352 167 0 580 22 717 986 965 0 363 185 877 581 81 784 647 0 482 0 0 0 568 366 538 113 547 53 153 889 482 681 976 830 736 254 172 847 376 460 857 113 392 507 646 768 185 277 220 149 85 663 631 
586 526 51 539 187 212 511 72 758 570 146 0 450 840 884 766 0 281 880 416 907 702 793 608 670 839 848 928 932 101 117 283 145 899 903 499 168 691 841 724 785 797 876 0 192 137 891 92 261 526 999 471 356 515 847 970 361 930 491 995 0 822 476 910 240 263 253 216 54 932 345 0 258 505 674 991 648 54 43 907 459 236 420 0 285 542 418 668 612 210 865 843 221 904 619 376 489 503 223 558 980 412 0 360 58 0 958 511 402 719 342 648 0 157 228 0 774 658 0 195 377 387 135 31 429 152 58 786 60 0 341 0 759 75 793 631 924 931 470 0 0 447 81 239 56 721 976 
24 681 0 835 102 659 120 175 887 959 832 0 0 0 328 0 0 458 6 502 0 0 889 227 317 512 0 448 385 960 957 21 0 0 641 839 765 417 332 931 772 864 465 0 848 238 340 892 125 418 0 808 740 772 290 456 520 956 957 162 822 0 727 96 682 328 0 812 99 155 103 381 421 754 0 352 0 473 0 186 127 567 53 700 563 470 528 711 69 440 559 417 373 507 753 557 515 957 809 0 746 536 633 156 550 878 399 917 470 581 763 437 994 644 918 918 716 0 493 801 563 287 276 545 755 220 827 0 0 816 371 744 0 998 297 480 0 0 601 738 186 971 84 453 725 0 0 
0 733 731 10 72 734 497 145 342 571 530 93 939 393 967 52 676 904 590 136 0 0 87 430 774 510 0 601 679 340 184 228 550 854 283 564 595 0 79 379 278 632 0 521 220 929 950 189 269 456 971 986 226 72 64 972 0 131 619 2 476 727 0 890 704 314 0 737 288 1 0 84 0 27 508 952 125 736 297 665 0 394 522 492 758 533 625 685 483 911 694 644 308 902 489 760 288 838 12 606 0 626 451 775 587 0 581 0 855 462 522 675 335 441 469 0 505 386 801 857 694 937 517 94 482 308 450 127 779 806 609 0 975 483 647 148 807 0 0 661 0 564 451 551 343 139 0 
65 256 854 115 277 925 722 0 805 0 864 833 493 22 602 384 357 68 42 36 720 899 110 899 931 686 846 366 936 579 0 0 727 854 604 843 648 881 608 753 959 61 555 705 0 0 693 129 286 674 31 239 3 0 761 908 990 845 330 169 910 96 890 0 342 547 789 582 0 717 592 615 99 967 110 757 493 6 353 387 258 414 318 0 679 0 467 622 540 669 855 389 9 328 996 204 217 623 944 928 714 729 135 235 730 409 890 29 427 985 0 638 960 664 13 985 477 892 272 802 818 528 0 737 688 582 455 355 162 0 434 304 917 829 698 815 32 598 685 851 660 99 903 0 508 180 620 
832 610 0 843 0 675 814 324 214 0 605 497 982 629 141 714 61 555 699 262 118 0 702 873 896 0 210 559 7 31 154 0 758 38 281 538 684 358 278 459 696 968 89 425 905 518 774 415 663 626 909 988 232 458 820 638 688 323 178 122 240 682 704 342 0 35 620 914 362 595 860 539 925 97 712 379 0 585 0 283 473 9 0 422 615 353 807 138 0 0 57 645 0 967 902 0 130 984 315 947 403 790 571 637 380 484 975 881 0 982 438 607 295 236 659 171 440 700 308 0 0 754 574 978 782 377 84 551 462 801 231 18 0 376 901 690 190 139 27 477 395 4 612 997 297 875 0 
88 380 475 396 647 245 132 298 427 941 199 2 553 508 964 88 282 73 156 133 23 897 660 987 535 657 903 578 567 288 599 56 0 600 128 116 922 0 105 579 593 449 936 100 135 968 376 414 313 885 554 457 397 974 933 362 590 690 0 328 263 328 314 547 35 0 271 92 269 736 954 53 0 250 583 782 115 55 268 190 0 791 670 0 796 965 400 970 749 972 626 230 23 979 692 312 540 97 936 940 855 457 867 130 406 647 771 513 401 232 458 616 369 565 441 263 466 360 221 0 0 989 0 549 333 802 834 585 0 79 309 957 416 942 116 189 943 987 605 750 71 901 688 471 192 691 145 
795 889 803 104 712 772 96 530 508 435 603 649 0 690 488 220 119 596 730 472 377 88 211 674 0 666 401 105 934 446 663 162 508 904 685 925 0 0 213 597 703 31 204 245 82 646 368 806 749 126 76 877 136 577 853 745 560 907 752 626 253 0 0 789 620 271 0 159 587 697 108 354 99 265 0 853 478 286 231 649 759 943 934 106 186 365 205 215 29 923 15 359 785 590 0 539 312 869 765 225 470 256 377 549 697 457 681 759 626 399 971 689 124 216 918 0 810 596 51 343 746 727 0 721 374 405 484 654 215 901 420 962 0 31 336 787 812 0 75 9 471 299 538 645 101 615 204 
309 205 344 513 895 42 763 397 990 763 731 867 0 688 837 219 169 325 781 136 55 0 417 0 867 427 489 45 0 865 574 413 932 347 908 199 464 0 77 509 430 0 643 231 110 137 433 182 333 356 559 438 282 176 16 434 718 0 193 857 216 812 737 582 914 92 159 0 574 659 897 535 700 56 589 0 883 807 0 54 855 0 964 217 238 937 178 324 377 343 224 0 705 902 634 500 26 204 780 254 0 130 5 995 892 114 398 863 790 521 587 110 6 590 432 849 17 121 869 673 49 300 0 42 0 381 508 137 797 409 550 502 228 578 631 682 196 922 0 0 21 301 400 9 277 866 399 
987 575 651 869 859 709 268 274 583 201 0 316 366 800 14 625 775 738 741 135 352 716 878 407 415 561 459 0 460 0 839 812 0 585 461 214 177 162 576 169 785 62 700 318 844 172 24 0 656 605 63 111 0 687 0 0 829 0 0 978 54 99 288 0 362 269 587 574 0 530 779 87 0 874 0 335 865 89 171 0 742 82 975 529 832 0 0 365 510 1 863 235 458 655 85 738 45 305 198 193 477 0 60 595 73 133 995 0 153 152 312 867 32 407 723 319 803 616 527 412 833 802 446 0 283 263 455 249 811 857 578 584 382 926 800 908 0 726 678 0 707 977 512 496 0 19 991 
597 819 745 383 336 0 434 945 555 122 38 520 340 413 492 457 106 61 864 494 0 693 374 535 516 512 197 695 0 905 990 105 573 901 80 233 0 449 2 959 694 85 476 694 282 498 762 506 102 823 405 864 695 951 888 16 233 767 556 981 932 155 1 717 595 736 697 659 530 0 438 652 460 104 682 805 471 371 924 741 200 70 160 902 628 195 508 756 88 961 583 862 830 309 874 299 193 650 153 325 892 554 651 400 918 0 621 100 696 649 0 966 101 0 14 603 840 204 902 413 633 912 65 867 832 11 570 364 896 878 595 60 812 326 0 245 125 846 135 959 434 670 716 168 214 670 907 
94 407 644 184 947 678 101 0 318 846 141 809 76 514 118 308 16 768 610 749 0 708 579 529 984 973 702 235 16 108 157 89 483 976 783 279 814 143 638 920 560 559 540 491 587 691 667 785 73 921 384 916 207 0 131 587 168 278 990 0 345 103 0 592 860 954 108 897 779 438 0 757 102 295 89 403 0 746 184 127 984 119 731 752 830 892 122 554 910 409 188 778 646 40 691 405 243 332 605 790 537 179 0 359 602 37 33 844 995 365 222 669 676 692 586 618 535 67 380 23 173 15 452 15 462 212 684 0 727 525 456 793 203 887 143 78 700 843 929 511 729 475 209 409 647 889 698 
0 561 527 957 0 493 786 640 757 93 444 362 0 619 0 61 353 143 0 242 677 369 618 678 751 0 421 389 0 562 934 923 329 941 938 74 181 965 774 549 601 845 723 402 703 892 135 0 639 741 825 235 44 0 841 0 418 289 754 594 0 381 84 615 539 53 354 535 87 652 757 0 664 124 780 656 778 971 0 868 28 0 907 523 237 354 669 329 46 350 249 8 522 402 73 0 382 685 853 68 0 0 0 898 28 880 137 281 298 449 983 696 0 0 420 302 486 994 609 0 300 238 712 759 213 454 172 412 0 249 476 703 768 866 744 371 114 267 914 0 224 883 0 81 366 472 0 
349 19 0 330 147 0 789 0 789 340 762 891 266 50 868 302 468 537 426 776 883 232 647 967 604 0 473 49 737 559 796 522 870 284 520 615 229 35 60 473 951 734 389 97 896 293 831 18 190 439 534 21 613 0 561 965 993 665 484 914 258 421 0 99 925 0 99 700 0 460 102 664 0 593 87 162 0 189 293 477 932 223 144 239 816 17 985 302 943 960 696 323 621 593 471 994 451 159 316 1 995 369 885 238 409 374 27 723 505 859 0 0 933 785 35 404 309 865 977 884 0 593 532 518 78 742 565 348 564 465 419 11 34 540 67 148 556 108 983 743 455 390 554 64 965 627 31 
849 643 206 583 743 866 715 654 365 470 138 523 948 536 881 0 695 688 192 910 184 954 0 15 675 821 891 703 485 504 63 235 0 806 428 7 462 336 518 514 831 881 138 689 266 973 362 271 276 378 683 890 423 593 319 0 450 150 0 977 505 754 27 967 97 250 265 56 874 104 295 124 593 0 500 521 462 352 286 175 64 470 387 352 888 324 356 953 900 337 351 320 335 502 217 0 355 995 101 705 416 0 0 691 555 52 385 332 182 846 995 477 814 68 599 346 704 869 674 798 19 636 884 722 513 20 761 926 669 604 125 758 405 203 351 686 569 749 814 838 634 683 838 614 764 319 892 
434 0 215 548 614 876 883 458 715 0 966 494 920 996 36 168 105 518 830 52 0 848 181 689 568 858 237 335 0 219 488 377 528 421 355 426 247 555 657 629 826 479 18 484 0 609 240 442 378 970 94 660 960 0 781 649 460 664 341 0 674 0 508 110 712 583 0 589 0 682 89 780 87 500 0 618 927 704 816 256 441 850 98 866 704 468 389 649 773 509 949 543 498 155 403 95 172 943 120 374 449 0 87 958 705 549 532 583 0 764 473 549 239 687 0 983 576 746 140 0 0 250 908 958 348 525 508 392 599 741 413 169 368 468 858 856 118 71 977 135 844 605 0 683 423 622 667 
607 600 499 98 0 185 629 903 122 778 975 235 142 185 0 668 129 741 421 938 842 596 129 34 718 535 301 0 2 0 777 121 221 88 135 854 620 164 937 924 171 914 349 513 837 259 551 113 857 783 315 142 217 925 126 902 767 686 745 222 991 352 952 757 379 782 853 0 335 805 403 656 162 521 618 0 509 233 326 295 661 559 331 442 264 173 423 245 991 239 0 0 936 508 381 0 520 0 466 940 814 961 632 497 422 322 176 493 123 339 616 193 564 374 0 133 247 693 735 493 0 581 90 191 123 308 332 514 589 882 775 512 14 348 97 117 273 700 895 0 634 786 125 105 151 453 475 
330 989 0 772 0 209 516 274 524 0 14 931 0 0 174 0 0 474 749 47 708 93 940 0 63 446 608 0 165 0 366 890 814 654 843 39 0 996 0 342 577 234 693 455 106 155 161 403 632 652 159 162 966 31 171 837 957 0 0 786 648 0 125 493 0 115 478 883 865 471 0 778 0 462 927 509 0 52 419 695 0 0 572 28 445 88 499 96 852 258 758 650 340 708 751 194 770 740 150 507 0 721 654 376 654 389 79 753 304 795 0 708 495 512 754 0 827 996 178 105 0 479 797 236 164 974 307 168 0 837 694 519 754 564 258 405 0 684 132 585 43 544 0 379 883 0 277 
593 594 30 754 375 329 391 896 398 160 593 979 478 805 999 683 0 410 686 175 320 502 208 723 878 247 106 878 273 0 626 313 169 359 784 908 783 976 399 0 155 286 256 141 673 656 108 629 426 152 572 225 922 750 655 416 987 586 455 105 54 473 736 6 585 55 286 807 89 371 746 971 189 352 704 233 52 0 112 976 411 0 84 0 624 865 531 986 723 284 942 751 460 551 329 0 571 0 457 372 0 81 310 438 40 29 857 743 866 472 710 73 998 927 0 304 332 502 455 0 0 795 0 889 702 97 363 452 578 0 894 665 909 475 369 325 705 675 639 321 918 0 188 678 154 240 277 
0 0 124 454 782 832 186 0 144 973 83 791 0 0 990 237 0 660 293 549 56 658 0 691 6 880 952 348 42 419 656 853 238 343 183 987 30 470 609 433 0 675 365 807 142 45 428 623 997 0 696 452 44 684 131 123 298 400 280 451 43 0 297 353 0 268 231 0 171 924 184 0 293 286 816 326 419 112 0 749 0 0 762 550 543 100 599 341 806 37 496 803 569 477 583 190 842 194 197 876 923 0 208 351 0 364 780 520 655 0 549 902 506 576 128 669 695 994 607 0 475 22 260 714 118 927 194 32 297 43 273 517 943 0 912 280 373 55 82 70 627 484 780 944 819 263 635 
470 834 471 718 892 873 299 0 906 857 357 534 664 0 46 762 0 368 0 201 746 823 657 674 519 142 835 40 914 800 315 91 793 0 301 945 891 439 259 370 366 0 909 777 193 0 0 54 550 669 467 0 315 405 89 0 686 204 22 617 907 186 665 387 283 190 649 54 0 741 127 868 477 175 256 295 695 976 749 0 0 330 924 265 478 739 657 662 0 328 683 7 660 191 967 766 213 259 919 956 670 950 0 246 282 478 280 235 677 547 692 236 975 335 688 850 921 788 756 75 862 233 389 565 0 165 0 0 615 121 466 704 123 490 672 856 906 60 31 55 1 96 0 967 0 0 523 
976 704 414 726 761 606 0 981 22 777 362 313 24 20 757 366 148 0 853 931 897 833 111 741 781 254 0 353 0 804 736 399 424 753 0 114 516 647 975 828 790 422 610 478 805 339 784 0 697 129 655 375 929 382 0 12 653 537 183 819 459 127 0 258 473 0 759 855 742 200 984 28 932 64 441 661 0 411 0 0 0 865 839 829 0 120 891 871 268 784 841 337 148 0 821 807 631 52 256 602 0 247 577 666 726 71 659 378 769 446 700 0 235 21 538 0 174 577 725 0 0 112 738 923 149 754 203 871 809 298 329 769 692 0 372 915 729 30 463 328 810 384 463 670 599 654 386 
218 520 423 0 2 299 35 663 839 0 404 447 285 0 0 94 793 896 181 490 610 291 0 71 699 441 847 183 359 426 0 505 759 682 242 437 0 626 506 439 858 278 56 82 991 48 903 51 834 523 906 638 720 20 649 751 0 851 688 319 236 567 394 414 9 791 943 0 82 70 119 0 223 470 850 559 0 0 0 330 865 0 258 558 432 452 788 846 837 603 391 429 255 66 0 54 500 558 118 375 227 733 729 0 951 486 83 102 946 637 802 968 0 572 539 113 608 739 528 186 0 664 394 0 785 0 352 149 695 707 942 920 355 506 237 994 527 236 937 988 792 788 589 0 499 21 585 
885 649 568 739 340 198 463 974 648 304 968 9 502 725 561 997 0 840 884 848 612 450 391 913 211 64 0 0 0 910 128 263 790 761 218 492 469 218 147 177 504 71 214 18 322 483 550 0 986 310 153 668 719 831 187 235 828 0 549 7 420 53 522 318 0 670 934 964 975 160 731 907 144 387 98 331 572 84 762 924 839 258 0 0 97 0 3 382 809 215 737 764 763 840 154 468 198 731 659 0 185 533 457 176 976 605 795 499 638 987 754 763 914 835 34 151 452 769 0 665 790 0 178 854 205 669 164 274 151 0 0 367 765 557 410 805 752 544 84 633 0 153 709 0 114 217 617 
313 503 453 0 31 885 244 947 945 0 222 845 376 756 952 281 511 733 774 194 465 936 728 715 651 678 840 205 645 27 308 497 994 235 254 323 617 177 405 295 608 691 112 821 748 185 55 680 904 300 0 605 415 964 279 567 623 634 579 927 0 700 492 0 422 0 106 217 529 902 752 523 239 352 866 442 28 0 550 265 829 558 0 0 282 673 608 0 766 448 408 11 520 982 566 864 105 710 259 546 771 3 963 936 593 0 643 855 674 0 0 435 0 475 782 71 487 277 118 808 368 259 542 749 0 364 452 577 897 243 843 727 658 0 868 524 0 278 0 673 9 282 565 0 0 554 0 
511 703 464 199 149 149 0 137 708 875 175 349 412 0 910 2 203 332 178 783 933 238 541 815 187 282 665 669 0 759 476 998 556 119 533 366 29 759 391 978 265 702 201 573 984 0 783 70 685 119 569 790 199 89 141 664 543 0 83 849 285 563 758 679 615 796 186 238 832 628 830 237 816 888 704 264 445 624 543 478 0 432 97 282 0 39 603 215 897 502 559 420 281 528 387 520 544 556 34 981 214 197 515 0 390 941 749 130 893 26 114 164 802 371 102 573 958 746 327 0 811 0 844 386 126 598 0 967 0 424 0 850 596 425 419 311 267 524 65 816 567 14 257 78 735 814 469 
966 870 531 689 69 99 557 979 0 889 510 947 0 0 0 829 806 840 440 588 769 354 477 554 64 38 803 826 874 310 678 417 139 760 509 115 806 361 258 250 750 932 380 690 289 865 826 823 281 0 387 432 817 498 0 0 425 0 139 34 542 470 533 0 353 965 365 937 0 195 892 354 17 324 468 173 88 865 100 739 120 452 0 673 39 0 806 604 333 909 792 338 187 0 267 784 974 514 686 0 432 0 139 32 652 418 414 956 150 440 235 700 972 598 499 743 135 578 0 0 674 0 43 784 681 412 660 404 891 378 138 815 104 0 102 225 699 547 492 52 137 363 226 0 0 826 679 
963 0 102 0 520 0 777 623 331 469 0 263 870 680 975 249 657 0 113 274 44 761 98 718 0 189 0 276 578 367 0 0 525 408 926 951 755 846 613 0 336 585 176 943 11 172 101 585 369 103 710 248 456 345 328 165 5 0 491 572 418 528 625 467 807 400 205 178 0 508 122 669 985 356 389 423 499 531 599 657 891 788 3 608 603 806 0 614 94 335 347 328 437 0 776 590 795 562 704 804 0 647 823 32 104 528 0 187 672 794 441 0 528 429 619 637 348 795 368 0 764 209 429 288 194 3 0 0 696 361 264 603 436 198 641 0 654 693 430 228 622 597 215 880 784 627 51 
878 515 100 596 474 521 0 460 79 695 969 267 40 460 582 637 894 173 406 516 564 175 939 252 45 960 55 869 98 573 739 114 68 214 673 798 250 374 0 0 384 671 95 345 932 210 576 932 0 596 745 675 803 60 264 994 694 408 636 657 668 711 685 622 138 970 215 324 365 756 554 329 302 953 649 245 96 986 341 662 871 846 382 0 215 604 614 0 396 865 686 609 592 136 674 795 371 195 442 948 0 30 930 372 348 0 657 67 127 655 0 618 265 217 660 856 765 263 111 747 345 551 805 218 99 932 413 841 429 440 426 581 442 0 0 139 950 855 78 724 233 708 346 684 324 226 183 
0 222 301 895 660 964 996 921 105 298 146 202 748 352 357 788 170 967 438 0 256 445 0 2 682 23 0 0 766 261 305 62 292 662 0 906 429 0 985 554 180 475 59 838 0 764 643 988 345 534 20 692 755 531 314 0 74 704 236 892 612 69 483 540 0 749 29 377 510 88 910 46 943 900 773 991 852 723 806 0 268 837 809 766 897 333 94 396 0 339 865 288 118 291 993 212 935 944 825 0 0 240 396 0 742 436 0 96 700 102 856 164 109 978 144 0 545 198 411 378 85 564 5 461 837 308 92 0 731 548 339 210 0 850 594 887 831 69 240 195 429 0 786 180 749 186 0 
181 522 940 105 849 0 188 97 138 82 955 474 374 960 342 734 0 42 160 668 728 652 659 258 348 422 732 326 31 263 769 572 694 716 818 146 784 345 666 39 499 286 376 345 633 115 966 734 414 406 165 619 633 905 179 320 189 33 0 220 210 440 911 669 0 972 923 343 1 961 409 350 960 337 509 239 258 284 37 328 784 603 215 448 502 909 335 865 339 0 477 578 379 726 575 206 27 193 170 920 0 919 376 937 965 41 446 492 233 524 794 55 772 0 77 511 666 413 569 368 637 893 931 130 91 266 314 900 963 690 149 381 96 669 49 181 804 628 808 0 294 997 0 498 596 948 408 
562 768 504 639 728 45 360 710 674 245 557 682 672 735 114 693 712 325 505 837 712 171 28 329 652 234 882 0 320 172 929 396 171 170 566 124 30 304 79 171 992 898 33 152 71 177 499 291 773 550 406 222 213 407 375 0 528 991 483 951 865 559 694 855 57 626 15 224 863 583 188 249 696 351 949 0 758 942 496 683 841 391 737 408 559 792 347 686 865 477 0 0 759 0 790 938 178 311 136 253 789 708 155 136 173 1 569 346 985 90 597 0 72 0 189 640 653 344 79 315 860 142 38 976 556 78 308 941 141 205 79 414 0 762 694 142 483 437 874 51 76 482 942 940 347 693 177 
461 67 972 931 984 0 413 943 533 322 920 278 0 235 607 613 150 623 463 253 60 797 43 149 243 679 566 793 549 323 597 673 0 387 655 924 778 996 394 827 591 875 226 178 686 931 592 65 500 804 0 673 207 373 875 177 543 818 951 848 843 417 644 389 645 230 359 0 235 862 778 8 323 320 543 0 650 751 803 7 337 429 764 11 420 338 328 609 288 578 0 0 0 127 841 0 891 286 469 941 71 772 567 877 661 451 679 165 29 542 38 424 0 376 96 787 854 600 633 271 777 567 984 0 331 79 262 208 574 94 287 759 165 321 839 599 87 585 374 60 956 928 989 537 0 756 342 
767 0 683 840 589 564 463 232 780 463 536 803 147 744 185 457 215 14 279 530 537 268 557 840 763 298 25 776 87 612 291 736 571 495 165 762 549 31 492 910 462 999 50 0 0 104 708 748 853 522 839 254 169 320 138 504 569 677 856 2 221 373 308 9 0 23 785 705 458 830 646 522 621 335 498 936 340 460 569 660 148 255 763 520 281 187 437 592 118 379 759 0 0 350 573 379 614 936 601 0 113 38 849 0 284 743 781 775 343 0 633 707 498 559 164 945 951 531 300 628 660 137 477 740 144 107 537 0 387 537 503 906 473 0 0 0 5 416 616 484 487 414 529 699 119 770 207 
278 417 464 609 414 125 0 150 967 166 611 347 124 380 623 194 94 840 189 658 67 907 348 0 898 285 535 63 598 138 0 293 621 0 55 301 827 450 954 355 232 862 901 408 90 669 905 647 120 217 0 776 341 403 965 539 157 637 0 479 904 507 902 328 967 979 590 902 655 309 40 402 593 502 155 508 708 551 477 191 0 66 840 982 528 0 0 136 291 726 0 127 350 0 726 703 482 94 201 505 948 134 909 258 414 175 455 360 641 0 407 680 324 815 799 10 19 724 0 897 753 348 110 64 118 51 282 950 905 272 0 898 286 45 380 0 680 956 0 128 327 706 587 0 36 648 209 
531 0 685 137 744 0 118 364 0 266 162 0 157 814 317 168 84 589 135 603 841 669 690 202 988 0 27 650 560 188 450 49 768 95 7 581 0 787 467 82 299 533 464 994 855 165 798 814 234 38 460 691 72 685 223 960 0 790 441 316 619 753 489 996 902 692 0 634 85 874 691 73 471 217 403 381 751 329 583 967 821 0 154 566 387 267 776 674 993 575 790 841 573 726 0 370 0 414 886 389 0 873 771 66 481 798 782 778 807 543 911 274 239 540 89 0 800 794 184 866 893 782 970 229 72 176 680 559 422 833 483 816 415 79 993 409 444 158 607 27 864 542 990 437 658 145 16 
358 565 318 139 79 7 345 643 86 0 0 357 806 834 581 274 852 431 0 280 196 208 140 961 420 354 294 534 48 618 0 730 411 161 0 716 0 443 655 597 657 138 439 663 460 695 835 830 480 88 67 0 894 581 628 903 299 701 244 352 376 557 760 204 0 312 539 500 738 299 405 0 994 0 95 0 194 0 190 766 807 54 468 864 520 784 590 795 212 206 938 0 379 703 370 0 356 953 420 594 46 527 0 506 69 162 645 936 587 598 233 711 354 177 233 486 73 577 699 222 126 145 432 96 250 709 313 99 216 289 562 883 781 157 706 667 721 44 273 236 76 919 112 587 417 518 979 
642 617 0 846 444 264 866 746 580 877 404 30 150 827 116 296 877 888 0 278 30 712 315 712 82 554 289 723 446 956 295 895 736 827 356 241 95 658 134 525 143 883 690 788 664 812 268 747 459 993 271 940 312 456 577 253 919 465 998 167 489 515 288 217 130 540 312 26 45 193 243 382 451 355 172 520 770 571 842 213 631 500 198 105 544 974 795 371 935 27 178 891 614 482 0 356 0 262 0 0 178 195 731 131 552 459 156 809 892 899 93 410 0 802 771 471 941 134 976 662 988 483 0 223 843 101 218 331 888 0 83 389 163 772 146 786 542 266 481 139 509 819 646 343 181 581 438 
0 314 0 8 999 198 139 849 265 0 311 663 202 350 283 258 612 102 0 73 459 142 993 331 479 331 472 841 912 198 441 322 918 966 266 642 563 708 0 461 0 0 242 486 0 645 422 20 146 645 323 307 829 759 715 120 512 673 217 0 503 957 838 623 984 97 869 204 305 650 332 685 159 995 943 0 740 0 194 259 52 558 731 710 556 514 562 195 944 193 311 286 936 94 414 953 262 0 794 38 807 746 523 614 810 612 982 14 224 116 435 203 283 0 884 967 264 56 344 165 922 594 523 0 907 487 135 0 452 125 974 488 143 249 900 580 268 372 49 319 104 790 0 0 375 583 242 
777 421 986 103 17 280 863 0 397 754 360 450 21 0 648 136 866 194 0 860 467 558 94 379 514 716 952 0 721 577 400 945 295 586 441 184 33 986 342 402 206 318 871 581 716 54 84 0 545 551 425 897 0 11 310 132 78 713 898 580 223 809 12 944 315 936 765 780 198 153 605 853 316 101 120 466 150 457 197 919 256 118 659 259 34 686 704 442 825 170 136 469 601 201 886 420 0 794 0 261 0 409 275 772 508 254 824 787 301 612 133 763 840 10 0 480 332 801 0 161 341 627 375 932 333 0 0 491 621 49 966 915 923 635 193 434 0 0 914 966 303 477 535 50 89 521 918 
21 939 335 596 313 90 960 711 384 149 0 0 831 0 937 109 296 506 902 216 871 620 314 35 345 0 400 0 683 131 0 542 300 297 168 29 432 13 68 0 858 340 42 915 166 370 721 0 0 798 568 892 292 529 415 0 59 599 820 22 558 0 606 928 947 940 225 254 193 325 790 68 1 705 374 940 507 372 876 956 602 375 0 546 981 0 804 948 0 920 253 941 0 505 389 594 0 38 261 0 587 836 260 306 772 614 881 760 640 555 504 66 844 369 750 265 782 27 986 124 710 145 364 657 0 336 792 124 907 528 0 829 370 0 261 934 131 0 221 778 416 910 880 607 726 975 314 
569 698 450 743 989 396 238 662 547 730 276 292 716 553 737 978 472 52 389 935 232 186 0 365 436 570 0 204 389 553 678 0 929 172 590 38 969 0 40 644 232 103 554 918 250 423 917 932 798 138 468 273 178 321 37 638 122 404 298 717 980 746 0 714 403 855 470 0 477 892 537 0 995 416 449 814 0 0 923 670 0 227 185 771 214 432 0 0 0 0 789 71 113 948 0 46 178 807 0 587 0 0 0 359 962 111 884 360 959 39 316 819 969 515 348 966 437 352 598 677 176 869 692 844 204 556 982 585 796 719 610 804 156 421 627 431 908 21 116 672 403 415 580 332 366 639 553 
100 17 67 598 843 143 124 781 994 448 0 353 70 659 688 424 675 307 0 766 168 0 491 0 361 766 573 506 417 61 266 803 874 261 380 772 643 44 20 696 156 406 355 645 0 541 55 320 769 643 829 80 506 0 864 0 386 517 0 986 412 536 626 729 790 457 256 130 0 554 179 0 369 0 0 961 721 81 0 950 247 733 533 3 197 0 647 30 240 919 708 772 38 134 873 527 195 746 409 836 0 0 301 12 139 380 962 877 531 113 898 247 937 437 0 894 194 0 883 76 213 70 0 512 955 520 806 499 685 17 499 637 329 275 774 900 893 0 0 237 705 4 16 0 600 499 0 
465 783 659 0 501 56 650 823 942 746 424 959 309 0 674 521 997 363 4 330 372 961 553 0 848 876 552 129 827 350 430 858 0 496 869 557 747 602 454 244 809 572 864 513 658 803 876 848 280 0 0 692 869 898 408 86 84 628 901 965 0 633 451 135 571 867 377 5 60 651 0 0 885 0 87 632 654 310 208 0 577 729 457 963 515 139 823 930 396 376 155 567 849 909 771 0 731 523 275 260 0 301 0 697 196 321 844 937 12 201 919 67 692 435 996 38 131 740 425 301 982 406 680 190 562 816 475 142 287 200 180 879 853 51 220 637 24 40 755 290 749 586 401 0 291 757 933 
439 545 875 655 120 306 348 392 242 645 372 880 166 843 449 45 938 183 757 370 788 523 773 148 918 555 16 0 294 623 959 650 32 247 534 833 0 247 820 594 340 0 932 0 706 833 688 447 223 76 535 844 223 322 916 852 881 738 723 0 360 156 775 235 637 130 549 995 595 400 359 898 238 691 958 497 376 438 351 246 666 0 176 936 0 32 32 372 0 937 136 877 0 258 66 506 131 614 772 306 359 12 697 0 791 402 914 535 614 341 563 134 236 362 238 850 431 226 971 532 809 369 683 970 244 740 476 233 702 691 427 803 823 63 615 0 837 420 0 225 214 776 509 0 854 89 241 
845 718 205 611 847 983 919 46 174 509 554 503 52 25 990 218 21 820 166 0 682 950 997 182 354 404 67 12 443 935 47 507 345 897 387 455 961 0 319 701 381 810 475 950 36 649 204 1 749 983 154 0 680 0 892 120 73 0 856 363 58 550 587 730 380 406 697 892 73 918 602 28 409 555 705 422 654 40 0 282 726 951 976 593 390 652 104 348 742 965 173 661 284 414 481 69 552 810 508 772 962 139 196 791 0 590 252 403 834 17 255 779 85 377 701 706 934 415 660 16 505 311 212 311 572 176 689 217 415 842 766 101 443 0 956 296 588 293 19 990 800 904 125 16 0 953 744 
924 737 990 614 960 859 87 132 22 15 589 0 0 763 913 627 920 46 845 327 0 112 519 623 664 73 456 307 814 817 996 216 3 887 896 731 724 285 659 879 930 945 819 706 687 510 726 218 130 440 513 100 662 599 351 821 517 267 554 185 0 878 0 409 484 647 457 114 133 0 37 880 374 52 549 322 389 29 364 478 71 486 605 0 941 418 528 0 436 41 1 451 743 175 798 162 459 612 254 614 111 380 321 402 590 0 289 533 776 727 717 89 889 15 53 7 861 314 561 11 730 671 145 0 930 534 136 0 418 393 26 990 973 180 357 935 476 557 419 173 192 948 334 946 262 443 138 
904 0 745 100 222 137 207 28 282 330 418 114 322 85 238 0 967 699 758 291 580 553 551 391 947 139 733 107 790 0 0 349 167 831 501 0 181 955 491 168 747 0 729 674 663 407 74 557 916 0 588 272 580 247 42 764 813 0 540 877 958 399 581 890 975 771 681 398 995 621 33 137 27 385 532 176 79 857 780 280 659 83 795 643 749 414 0 657 0 446 569 679 781 455 782 645 156 982 824 881 884 962 844 914 252 289 0 753 936 801 541 325 676 21 634 909 643 310 545 825 598 953 871 820 895 341 637 600 922 962 843 604 127 780 773 744 60 31 919 413 285 578 714 351 397 374 111 
731 754 715 584 0 0 2 0 318 504 581 421 0 59 484 431 999 32 185 142 732 758 52 418 384 655 380 682 771 771 740 476 102 790 248 915 583 669 0 0 373 318 839 0 949 397 295 534 79 259 812 549 976 632 978 251 4 425 559 581 511 917 0 29 881 513 759 863 0 100 844 281 723 332 583 493 753 743 520 235 378 102 499 855 130 956 187 67 96 492 346 165 775 360 778 936 809 14 787 760 360 877 937 535 403 533 753 0 618 456 390 305 55 56 466 935 561 319 52 489 763 92 880 685 545 324 386 418 793 328 0 971 0 987 848 762 23 65 752 238 0 481 0 941 903 211 0 
859 278 311 644 722 0 114 229 73 841 366 635 419 663 954 669 0 259 856 14 607 559 297 784 14 46 264 473 190 0 79 56 700 866 226 0 0 81 326 115 693 766 693 370 890 612 250 968 0 516 315 0 24 449 136 874 216 776 974 81 402 470 855 427 0 401 626 790 153 696 995 298 505 182 0 123 304 866 655 677 769 946 638 674 893 150 672 127 700 233 985 29 343 641 807 587 892 224 301 640 959 531 12 614 834 776 936 618 0 538 0 186 62 865 186 619 605 749 775 922 94 873 456 501 533 167 710 715 613 317 273 319 270 18 135 766 329 311 836 301 136 112 673 614 352 530 928 
155 312 834 428 152 682 259 68 725 462 180 376 0 565 755 0 222 0 357 980 0 685 273 0 558 840 11 887 309 24 935 421 253 931 787 0 839 696 23 0 14 228 635 924 591 81 125 663 37 505 645 762 857 56 167 0 0 607 653 784 719 581 462 985 982 232 399 521 152 649 365 449 859 846 764 339 795 472 0 547 446 637 987 0 26 440 794 655 102 524 90 542 0 0 543 598 899 116 612 555 39 113 201 341 17 727 801 456 538 0 150 734 861 55 707 776 170 276 200 471 278 0 766 804 370 527 488 512 947 0 548 744 647 897 634 778 871 719 163 814 295 396 203 485 0 610 694 
817 755 618 0 748 0 761 6 811 663 219 800 629 0 537 511 276 0 0 0 892 980 856 855 363 712 369 0 807 754 115 900 200 665 120 911 988 607 896 52 400 0 793 0 570 0 0 246 384 785 162 116 196 486 936 23 375 105 2 647 342 763 522 0 438 458 971 587 312 0 222 983 0 995 473 616 0 710 549 692 700 802 754 0 114 235 441 0 856 794 597 38 633 407 911 233 93 435 133 504 316 898 919 563 255 717 541 390 0 150 0 931 556 927 286 915 515 747 586 509 0 514 798 593 253 25 929 152 384 0 366 563 285 410 792 569 466 327 911 927 534 86 985 263 507 236 580 
588 174 409 636 836 683 297 855 238 958 288 0 0 136 2 68 595 974 471 390 632 928 258 586 654 702 444 0 358 357 735 182 742 223 90 696 671 905 592 244 843 0 957 0 41 656 815 540 806 966 548 963 897 258 30 462 0 369 464 0 648 437 675 638 607 616 689 110 867 966 669 696 0 477 549 193 708 73 902 236 0 968 763 435 164 700 0 618 164 55 0 424 707 680 274 711 410 203 763 66 819 247 67 134 779 89 325 305 186 734 931 0 542 558 0 70 842 0 514 202 351 946 550 20 522 807 0 900 690 45 542 932 569 88 229 825 938 748 663 962 696 258 67 215 413 291 977 
232 650 755 422 627 974 358 119 292 137 998 389 389 447 822 3 62 166 769 460 409 508 999 45 482 680 362 983 190 202 883 98 295 559 350 413 226 253 975 499 0 741 103 951 384 0 407 48 511 173 823 159 785 770 636 69 664 351 676 482 0 994 335 960 295 369 124 6 32 101 676 0 933 814 239 564 495 998 506 975 235 0 914 0 802 972 528 265 109 772 72 0 498 324 239 354 0 283 840 844 969 937 692 236 85 889 676 55 62 861 556 542 0 655 376 0 440 329 623 854 397 0 740 756 482 873 668 466 603 626 390 77 322 559 0 47 0 224 250 747 566 804 621 8 276 807 945 
173 646 999 487 229 925 54 230 925 270 164 774 467 599 1 560 125 625 292 136 845 605 594 819 608 329 932 738 233 120 892 977 334 832 91 961 814 301 882 825 862 203 123 668 135 792 0 851 902 976 486 587 632 338 55 161 103 928 963 0 157 644 441 664 236 565 216 590 407 0 692 0 785 68 687 374 512 927 576 335 21 572 835 475 371 598 429 217 978 0 0 376 559 815 540 177 802 0 10 369 515 437 435 362 377 15 21 56 865 55 927 558 655 0 69 85 496 228 909 745 44 111 575 339 0 494 80 143 617 132 62 616 822 744 74 623 165 0 926 500 0 442 496 691 548 614 965 
245 24 886 471 701 309 179 940 175 916 310 761 950 633 320 0 20 237 972 0 497 616 963 444 415 659 594 0 164 362 291 547 123 206 789 85 615 0 881 0 725 74 194 817 0 353 48 957 508 853 265 737 682 344 740 32 563 932 12 0 228 918 469 13 659 441 918 432 723 14 586 420 35 599 0 0 754 0 128 688 538 539 34 782 102 499 619 660 144 77 189 96 164 799 89 233 771 884 0 750 348 0 996 238 701 53 634 466 186 707 286 0 376 69 0 343 23 990 412 0 789 127 379 365 0 284 319 307 495 966 286 754 625 99 522 228 517 234 452 828 237 555 6 0 377 409 18 
0 134 112 108 554 711 0 0 280 355 277 461 706 998 822 702 526 336 95 501 0 282 0 975 34 742 976 175 702 0 543 184 550 115 0 145 866 0 317 222 970 810 0 147 774 262 922 971 715 844 792 719 0 179 987 747 926 337 783 0 0 918 0 985 171 263 0 849 319 603 618 302 404 346 983 133 0 304 669 850 0 113 151 71 573 743 637 856 0 511 640 787 945 10 0 486 471 967 480 265 966 894 38 850 706 7 909 935 619 776 915 70 0 85 343 0 540 713 589 0 359 949 434 374 619 698 701 0 969 144 757 945 0 149 271 712 34 24 310 557 152 864 419 724 604 889 551 
324 0 196 935 676 873 493 204 866 0 223 718 345 551 661 780 472 966 538 0 878 453 0 552 38 756 227 328 471 0 346 943 0 317 923 875 714 795 0 588 0 413 0 821 493 820 790 153 391 627 0 786 835 852 725 52 289 735 541 568 774 716 505 477 440 466 810 17 803 840 535 486 309 704 576 247 827 332 695 921 174 608 452 487 958 135 348 765 545 666 653 854 951 19 800 73 941 264 332 782 437 194 131 431 934 861 643 561 605 170 515 842 440 496 23 540 0 305 0 13 659 173 233 722 360 79 524 739 118 549 290 980 760 833 0 787 0 391 857 273 0 91 428 96 926 284 966 
53 694 293 504 694 0 733 561 154 258 963 870 652 155 973 495 0 587 319 408 246 478 404 0 43 620 449 51 116 267 766 658 7 889 602 575 649 151 186 77 110 889 157 187 447 793 615 793 592 0 0 628 13 852 704 33 689 77 354 366 658 0 386 892 700 360 596 121 616 204 67 994 865 869 746 693 996 502 994 788 577 739 769 277 746 578 795 263 198 413 344 600 531 724 794 577 134 56 801 27 352 0 740 226 415 314 310 319 749 276 747 0 329 228 990 713 305 0 0 517 891 887 77 423 0 0 38 468 518 128 524 851 295 344 329 219 818 191 920 950 35 191 0 272 490 565 532 
827 90 638 169 580 258 988 92 99 399 0 678 851 997 259 753 231 734 303 162 425 0 482 978 0 583 176 358 0 389 777 559 723 157 773 668 698 783 668 211 352 0 0 726 221 692 262 706 0 279 959 0 579 766 0 580 876 155 25 538 0 493 801 272 308 221 51 869 527 902 380 609 977 674 140 735 178 455 607 756 725 528 0 118 327 0 368 111 411 569 79 633 300 0 184 699 976 344 0 986 598 883 425 971 660 561 545 52 775 200 586 514 623 909 412 589 0 0 0 74 906 321 757 0 998 151 0 8 322 843 965 818 827 783 817 702 992 558 606 405 483 479 192 537 568 648 809 
264 550 246 408 385 0 175 526 475 931 249 501 237 282 461 474 681 236 0 313 466 489 36 496 0 234 782 577 43 125 5 0 129 891 435 14 0 699 964 854 233 840 608 618 739 309 0 321 959 489 537 985 0 86 561 472 329 83 553 113 195 801 857 802 0 0 343 673 412 413 23 0 884 798 0 493 105 0 0 75 0 186 665 808 0 0 0 747 378 368 315 271 628 897 866 222 662 165 161 124 677 76 301 532 16 11 825 489 922 471 509 202 854 745 0 0 13 517 74 0 392 243 680 0 237 119 982 276 927 395 810 650 0 812 457 335 517 338 650 92 932 863 652 0 944 934 34 
505 255 0 712 14 632 329 677 662 323 347 752 423 65 645 988 200 0 421 19 0 550 92 558 848 308 536 187 269 610 621 574 0 33 176 0 55 323 368 407 862 0 977 950 346 448 134 838 295 184 0 587 297 649 635 76 426 124 404 547 377 563 694 818 0 0 746 49 833 633 173 300 0 19 0 0 0 0 475 862 0 0 790 368 811 674 764 345 85 637 860 777 660 753 893 126 988 922 341 710 176 213 982 809 505 730 598 763 94 278 0 351 397 44 789 359 659 891 906 392 0 865 628 553 959 848 981 928 889 2 9 763 880 836 437 46 774 992 860 638 219 487 0 467 371 183 889 
899 948 671 762 17 0 487 827 159 778 443 135 190 106 288 981 245 648 0 139 929 27 650 186 185 43 58 771 0 83 36 146 451 946 929 88 221 59 167 664 434 356 847 767 783 99 588 382 746 0 626 403 371 312 704 899 712 880 595 53 387 287 937 528 754 989 727 300 802 912 15 238 593 636 250 581 479 795 22 233 112 664 0 259 0 0 209 551 564 893 142 567 137 348 782 145 483 594 627 145 869 70 406 369 311 671 953 92 873 0 514 946 0 111 127 949 173 887 321 243 865 0 167 573 672 84 388 484 536 639 0 471 444 0 300 376 0 813 223 482 882 750 576 162 472 305 449 
671 0 789 600 437 346 197 777 65 170 0 449 745 778 454 817 193 236 761 818 850 136 523 421 459 0 859 37 859 152 189 481 600 419 868 869 832 0 474 328 929 955 101 0 23 904 952 930 970 523 75 647 264 107 696 800 558 541 716 153 135 276 517 0 574 0 0 0 446 65 452 712 532 884 908 90 797 0 260 389 738 394 178 542 844 43 429 805 5 931 38 984 477 110 970 432 0 523 375 364 692 0 680 683 212 145 871 880 456 766 798 550 740 575 379 434 233 77 757 680 628 167 0 253 508 13 333 419 447 697 232 782 865 367 285 464 462 833 336 713 484 985 282 888 899 653 409 
552 561 52 244 206 15 494 517 954 199 0 382 682 237 638 550 127 979 926 873 566 561 446 670 786 955 0 989 784 8 35 526 935 406 472 868 0 939 593 697 163 151 694 123 165 765 7 100 974 304 922 583 7 74 16 534 786 408 0 889 31 545 94 737 978 549 721 42 0 867 15 759 518 722 958 191 236 889 714 565 923 0 854 749 386 784 288 218 461 130 976 0 740 64 229 96 223 0 932 657 844 512 190 970 311 0 820 685 501 804 593 20 756 339 365 374 722 423 0 0 553 573 253 0 752 395 308 392 241 939 59 333 592 0 760 173 261 102 601 985 431 277 665 190 216 27 89 
379 0 428 418 418 94 833 0 214 454 195 0 139 366 252 0 997 411 869 0 234 178 76 542 379 343 495 721 0 79 816 399 413 402 548 486 267 461 321 383 424 140 500 902 26 700 461 254 780 0 0 401 0 335 264 829 533 508 969 482 429 755 482 688 782 333 374 0 283 832 462 213 78 513 348 123 164 702 118 0 149 785 205 0 126 681 194 99 837 91 556 331 144 118 72 250 843 907 333 0 204 955 562 244 572 930 895 545 533 370 253 522 482 0 0 619 360 0 998 237 959 672 508 752 0 800 740 683 721 991 913 710 853 4 184 309 741 406 596 578 0 651 0 34 776 69 586 
804 708 81 103 520 941 800 512 828 956 989 7 652 157 0 553 500 170 373 640 612 294 291 395 748 355 172 747 0 774 774 781 365 128 103 347 772 424 51 782 536 532 751 358 803 447 0 929 236 516 940 546 401 368 162 409 303 574 577 681 152 220 308 582 377 802 405 381 263 11 212 454 742 20 525 308 974 97 927 165 754 0 669 364 598 412 3 932 308 266 78 79 107 51 176 709 101 487 0 336 556 520 816 740 176 534 341 324 167 527 25 807 873 494 284 698 79 0 151 119 848 84 13 395 800 0 365 304 296 783 98 496 90 252 988 355 262 305 26 821 68 788 594 979 978 0 0 
37 767 816 926 884 70 519 688 684 911 113 256 0 50 396 719 677 100 196 380 655 348 138 511 119 613 431 870 162 426 477 482 747 345 78 860 0 0 84 833 757 208 804 293 538 120 0 0 226 757 887 43 586 981 954 636 0 790 0 976 58 827 450 455 84 834 484 508 455 570 684 172 565 761 508 332 307 363 194 0 203 352 164 452 0 660 0 413 92 314 308 262 537 282 680 313 218 135 0 792 982 806 475 476 689 136 637 386 710 488 929 0 668 80 319 701 524 38 0 982 981 388 333 308 740 365 0 780 133 0 576 369 288 590 483 155 103 501 657 613 956 37 355 250 797 491 907 
805 736 402 318 927 354 574 17 461 590 494 480 857 913 841 436 974 929 55 287 316 309 800 739 299 119 511 286 0 982 574 90 233 419 0 809 817 0 460 573 553 328 867 349 828 208 482 956 580 924 547 252 430 206 420 224 847 831 37 830 786 0 127 355 551 585 654 137 249 364 0 412 348 926 392 514 168 452 32 0 871 149 274 577 967 404 0 841 0 900 941 208 0 950 559 99 331 0 491 124 585 499 142 233 217 0 600 418 715 512 152 900 466 143 307 0 739 468 8 276 928 484 419 392 683 304 780 0 275 0 524 354 107 889 5 259 193 686 391 481 780 241 860 626 351 366 0 
743 980 886 586 105 51 716 705 2 0 804 0 8 939 734 476 490 49 619 495 260 569 758 889 203 532 0 0 278 235 247 501 452 187 579 705 816 675 141 449 6 110 52 515 0 548 36 334 786 299 797 724 943 826 910 951 85 206 516 736 60 0 779 162 462 0 215 797 811 896 727 0 564 669 599 589 0 578 297 615 809 695 151 897 0 891 696 429 731 963 141 574 387 905 422 216 888 452 621 907 796 685 287 702 415 418 922 793 613 947 384 690 603 617 495 969 118 518 322 927 889 536 447 241 721 296 133 275 0 901 509 359 405 620 0 663 980 812 230 369 265 0 454 31 873 611 236 
543 777 676 0 366 586 745 272 575 724 0 886 309 591 693 894 258 692 123 594 197 188 765 522 0 600 449 385 0 0 405 560 203 316 946 853 42 976 201 871 937 468 702 656 0 0 0 13 393 190 169 978 316 474 49 470 738 116 433 254 0 816 806 0 801 79 901 409 857 878 525 249 465 604 741 882 837 0 43 121 298 707 0 243 424 378 361 440 548 690 205 94 537 272 833 289 0 125 49 528 719 17 200 691 842 393 962 328 317 0 0 45 626 132 966 144 549 128 843 395 2 639 697 939 991 783 0 0 901 0 863 142 680 428 871 576 0 567 305 479 445 0 454 826 986 255 0 
805 238 24 96 691 0 631 934 464 618 423 913 847 139 548 933 523 861 921 506 140 340 866 617 455 783 0 478 384 478 13 912 70 865 0 550 476 116 240 692 408 687 396 218 657 177 76 366 362 460 269 672 93 91 832 371 918 24 510 172 341 371 609 434 231 309 420 550 578 595 456 476 419 125 413 775 694 894 273 466 329 942 0 843 0 138 264 426 339 149 79 287 503 0 483 562 83 974 966 0 610 499 180 427 766 26 843 0 273 548 366 542 390 62 286 757 290 524 965 810 9 0 232 59 913 98 576 524 509 863 0 284 439 784 36 933 491 176 985 0 365 324 456 470 136 164 834 
907 452 973 334 532 942 222 803 765 0 839 0 44 0 642 61 701 674 854 0 672 492 829 60 674 0 115 905 27 325 629 971 387 194 884 146 169 203 453 19 754 695 966 898 0 499 502 348 315 586 746 674 807 646 376 233 371 853 121 847 0 744 0 304 18 957 962 502 584 60 793 703 11 758 169 512 519 665 517 704 769 920 367 727 850 815 603 581 210 381 414 759 906 898 816 883 389 488 915 829 804 637 879 803 101 990 604 971 319 744 563 932 77 616 754 945 980 851 818 650 763 471 782 333 710 496 369 354 359 142 284 0 726 86 710 242 66 757 253 0 36 0 805 494 834 704 122 
790 557 0 0 632 165 0 0 827 181 435 605 967 927 668 261 353 125 69 58 618 554 984 794 37 381 78 684 0 207 811 783 223 398 72 785 779 506 339 989 995 932 53 294 0 711 408 600 549 470 674 414 782 229 426 557 881 0 630 376 759 0 975 917 0 416 0 228 382 812 203 768 34 405 368 14 754 909 943 123 692 355 765 658 596 104 436 442 0 96 0 165 473 286 415 781 163 143 923 370 156 329 853 823 443 973 127 0 270 647 285 569 322 822 625 0 760 295 827 0 880 444 865 592 853 90 288 107 405 680 439 726 0 836 592 522 993 601 706 26 0 391 924 984 586 755 149 
0 363 806 245 241 926 0 0 773 925 465 623 743 260 316 518 0 637 0 559 110 0 292 406 531 460 962 442 23 707 870 547 343 896 178 416 876 0 0 509 775 167 463 841 903 402 228 821 724 546 831 801 943 476 948 753 304 139 281 460 75 998 483 829 376 942 31 578 926 326 887 866 540 203 468 348 564 475 0 490 0 506 557 0 425 0 198 0 850 669 762 321 0 45 79 157 772 249 635 0 421 275 51 63 0 180 780 987 18 897 410 88 559 744 99 149 833 344 783 812 836 0 367 0 4 252 590 889 620 428 784 86 836 0 832 905 835 726 967 866 904 478 725 121 108 772 199 
549 0 508 733 922 621 627 19 213 2 306 751 261 973 511 515 708 31 95 333 262 0 563 359 653 0 825 872 309 575 609 936 727 73 669 464 548 496 315 160 560 0 26 354 960 19 23 987 0 104 651 18 319 464 58 913 190 0 427 857 793 297 647 698 901 116 336 631 800 0 143 744 67 351 858 97 258 369 912 672 372 237 410 868 419 102 641 0 594 49 694 839 0 380 993 706 146 900 193 261 627 774 220 615 956 357 773 848 135 634 792 229 0 74 522 271 0 329 817 457 437 300 285 760 184 988 483 5 0 871 36 710 592 832 0 462 758 994 0 0 0 0 761 314 12 408 20 
526 0 18 876 593 0 218 324 190 503 28 254 752 0 981 55 742 69 363 277 872 733 84 870 260 638 924 190 415 193 281 91 66 15 836 843 0 120 351 781 501 199 445 301 805 0 211 680 409 952 129 999 623 212 76 321 304 126 299 113 631 480 148 815 690 189 787 682 908 245 78 371 148 686 856 117 405 325 280 856 915 994 805 524 311 225 0 139 887 181 142 599 0 0 409 667 786 580 434 934 431 900 637 0 296 935 744 762 766 778 569 825 47 623 228 712 787 219 702 335 46 376 464 173 309 355 155 259 663 576 933 242 522 905 462 0 833 554 188 781 0 803 0 777 320 0 119 
785 597 256 59 832 242 575 459 918 726 586 935 0 570 539 885 249 474 30 783 414 73 337 78 912 821 157 308 263 953 437 0 920 0 786 16 19 0 640 947 643 62 409 0 706 262 92 503 265 715 178 66 569 610 37 629 393 0 125 392 924 0 807 32 190 943 812 196 0 125 700 114 556 569 118 273 0 705 373 906 729 527 752 0 267 699 654 950 831 804 483 87 5 680 444 721 542 268 0 131 908 893 24 837 588 476 60 23 329 871 466 938 0 165 517 34 0 818 992 517 774 0 462 261 741 262 103 193 980 0 491 66 993 835 758 833 0 38 828 0 712 407 643 715 806 913 392 
100 590 499 937 895 438 18 977 536 989 322 750 643 508 733 255 831 980 728 940 107 560 50 823 909 185 263 152 497 969 653 416 18 928 858 781 952 717 208 716 262 556 351 580 550 590 821 0 260 486 652 860 12 656 544 215 785 884 179 507 931 0 0 598 139 987 0 922 726 846 843 267 108 749 71 700 684 675 55 60 30 236 544 278 524 547 693 855 69 628 437 585 416 956 158 44 266 372 0 0 21 0 40 420 293 557 31 65 311 719 327 748 224 0 234 24 391 191 558 338 992 813 833 102 406 305 501 686 812 567 176 757 601 726 994 554 38 0 596 179 811 680 18 431 93 299 918 
428 452 41 230 0 453 508 386 242 120 128 947 816 0 717 742 986 188 886 989 958 122 762 336 232 997 0 861 523 267 606 514 523 815 366 446 226 906 270 463 438 561 474 679 636 72 920 648 643 988 696 198 455 222 694 508 248 860 998 646 470 601 0 685 27 605 75 0 678 135 929 914 983 814 977 895 132 639 82 31 463 937 84 0 65 492 430 78 240 808 874 374 616 0 607 273 481 49 914 221 116 0 755 0 19 419 919 752 836 163 911 663 250 926 452 310 857 920 606 650 860 223 336 601 596 26 657 391 230 305 985 253 706 967 0 188 828 596 0 89 752 457 837 856 875 341 480 
526 894 810 324 521 69 839 0 836 20 927 371 803 686 649 0 923 117 588 681 334 59 775 564 93 646 247 127 976 0 685 596 733 775 577 582 763 811 567 296 634 0 236 35 202 479 261 448 412 864 316 0 200 992 841 888 948 858 233 768 0 738 661 851 477 750 9 0 0 959 511 0 743 838 135 0 585 321 70 55 328 988 633 673 816 52 228 724 195 0 51 60 484 128 27 236 139 319 966 778 672 237 290 225 990 173 413 238 301 814 927 962 747 500 828 557 273 950 405 92 638 482 713 985 578 821 613 481 369 479 0 0 26 866 0 781 0 179 89 0 696 275 0 0 955 109 0 
555 709 8 392 31 52 353 870 912 403 27 0 93 479 0 0 329 203 883 178 461 586 81 813 272 945 300 186 77 831 296 56 474 580 585 470 968 143 0 0 140 628 170 0 0 602 305 271 263 507 688 760 100 188 847 0 581 452 70 185 0 186 0 660 395 71 471 21 707 434 729 224 455 634 844 634 43 918 627 1 810 792 0 9 567 137 622 233 429 294 76 956 487 327 864 76 509 104 303 416 403 705 749 214 800 192 285 0 136 295 534 696 566 0 237 152 0 35 483 932 219 882 484 431 0 68 956 780 265 445 365 36 0 904 0 0 712 811 752 696 0 567 0 863 433 0 377 
901 738 905 0 659 185 939 516 856 773 0 211 0 864 885 338 868 173 982 258 209 674 837 0 882 649 387 982 296 665 587 0 361 242 0 721 441 430 786 200 637 850 524 569 299 0 765 905 377 262 360 420 0 0 187 548 518 404 209 277 447 971 564 99 4 901 299 301 977 670 475 883 390 683 605 786 544 0 484 96 384 788 153 282 14 363 597 708 0 997 482 928 414 706 542 919 819 790 477 910 415 4 586 776 904 948 578 481 112 396 86 258 804 442 555 864 91 191 479 863 487 750 985 277 651 788 37 241 0 0 324 0 391 478 0 803 407 680 457 275 567 0 0 340 825 353 162 
579 650 507 711 229 0 4 782 300 630 209 0 0 627 612 789 34 418 0 295 981 424 590 628 861 300 145 868 845 312 190 752 245 643 100 897 172 443 371 695 69 136 220 813 413 467 0 10 557 101 0 355 423 940 858 43 793 648 538 220 81 84 451 903 612 688 538 400 512 716 209 0 554 838 0 125 0 188 780 0 463 589 709 565 257 226 215 346 786 0 942 989 529 587 990 112 646 0 535 880 580 16 401 509 125 334 714 0 673 203 985 67 621 496 6 419 428 0 192 652 0 576 282 665 0 594 355 860 454 454 456 805 924 725 761 0 643 18 837 0 0 0 0 0 781 582 0 
269 288 526 661 362 934 772 948 921 149 395 460 389 466 63 246 50 939 157 742 594 162 833 823 540 88 628 511 0 887 317 706 6 800 322 0 0 803 228 731 0 909 245 0 305 908 983 267 568 0 290 512 299 847 777 657 749 32 513 149 239 453 551 0 997 471 645 9 496 168 409 81 64 614 683 105 379 678 944 967 670 0 0 0 78 0 880 684 180 498 940 537 699 0 437 587 343 0 50 607 332 0 0 0 16 946 351 941 614 485 263 215 8 691 0 724 96 272 537 0 467 162 888 190 34 979 250 626 31 826 470 494 984 121 314 777 715 431 856 0 863 340 0 0 469 384 966 
963 926 236 342 274 0 375 172 777 0 898 445 364 347 0 406 196 388 154 468 541 803 0 607 559 0 785 784 792 754 960 188 570 905 759 856 590 936 485 164 0 587 180 220 878 106 696 569 952 621 0 607 238 172 803 567 827 635 0 85 56 725 343 508 297 192 101 277 0 214 647 366 965 764 423 151 883 154 819 0 599 499 114 0 735 0 784 324 749 596 347 0 119 36 658 417 181 375 89 726 366 600 291 854 0 262 397 903 352 0 507 413 276 548 377 604 926 490 568 944 371 472 899 216 776 978 797 351 873 986 136 834 586 108 12 320 806 93 875 955 433 825 781 469 0 0 564 
453 813 373 567 0 41 808 732 412 486 687 0 532 730 617 782 0 123 594 484 311 568 934 0 516 677 835 143 6 948 426 788 522 630 753 907 497 802 345 666 459 252 655 607 275 247 818 238 639 581 472 445 206 58 412 883 0 665 152 663 721 0 139 180 875 691 615 866 19 670 889 472 627 319 622 453 0 240 263 0 654 21 217 554 814 826 627 226 186 948 693 756 770 648 145 518 581 583 521 975 639 499 757 89 953 443 374 211 530 610 236 291 807 614 409 889 284 565 648 934 183 305 653 27 69 0 491 366 611 255 164 704 755 772 408 0 913 299 341 109 0 353 582 384 0 0 607 
340 996 507 261 630 284 135 413 0 464 782 239 682 41 186 702 156 719 658 116 862 509 0 668 0 966 521 746 713 0 619 494 974 160 431 463 42 295 215 100 547 943 0 438 444 154 582 337 252 0 680 425 772 16 646 753 0 235 437 631 976 0 0 620 0 145 204 399 991 907 698 0 31 892 667 475 277 277 635 523 386 585 617 0 469 679 51 183 0 408 177 342 207 209 16 979 438 242 918 314 553 0 933 241 744 138 111 0 928 694 580 977 945 965 18 551 966 532 809 34 889 449 409 89 586 0 907 0 236 0 834 122 149 199 20 119 392 918 480 0 377 162 0 966 564 607 0